obj_value: 1.0062909654267018
opt_params: [8.29169098e-02 6.57478172e-02 4.86820484e-02 3.21271141e-02
 1.62554096e-02 8.31431642e+00 6.63045914e+00 4.94625261e+00
 3.26743808e+00 1.61544100e+00 2.45006992e-03 1.14965983e-02
 1.57013361e-02 4.00001174e-02 4.10001174e-02]
t_control_opt: [0.         0.00245007 0.0114966  0.01570134 0.04000012 0.04100012
 0.05      ]
J_control_opt: [0.1        0.08291691 0.06574782 0.04868205 0.03212711 0.01625541
 0.        ]
mu_control_opt: [10.          8.31431642  6.63045914  4.94625261  3.26743808  1.615441
  0.        ]
