obj_value: 1.0281189779304554
opt_params: [0.08030791 0.06143933 0.04317282 0.02710659 0.01207877 8.33400906
 6.6657888  4.99926107 3.3319844  1.66582076 0.05710163 0.10289461
 0.18066726 0.28287018 0.52513439]
t_control_opt: [0.         0.05710163 0.10289461 0.18066726 0.28287018 0.52513439
 0.75      ]
J_control_opt: [0.1        0.08030791 0.06143933 0.04317282 0.02710659 0.01207877
 0.        ]
mu_control_opt: [10.          8.33400906  6.6657888   4.99926107  3.3319844   1.66582076
  0.        ]
