obj_value: 0.07921639384274337
opt_params: [3.76403684e-01 6.01530300e-01 7.84574933e-01 7.37816448e-01
 4.52537539e-01 8.16631177e+00 6.35455682e+00 4.58981972e+00
 2.91801397e+00 1.37770187e+00 1.00000000e-03 1.03928543e+00
 1.04028543e+00 3.45242086e+00 3.79976281e+00]
t_control_opt: [0.00000000e+00 1.00000000e-03 1.03928543e+00 1.04028543e+00
 3.45242086e+00 3.79976281e+00 8.00000000e+00]
J_control_opt: [0.1        0.37640368 0.6015303  0.78457493 0.73781645 0.45253754
 0.        ]
mu_control_opt: [10.          8.16631177  6.35455682  4.58981972  2.91801397  1.37770187
  0.        ]
