obj_value: 0.07493971348689199
opt_params: [0.57536409 0.91763299 0.99422407 0.84150438 0.48709879 8.30035777
 6.60201915 4.90656269 3.21932453 1.5743873  0.00852208 0.01082065
 1.50906632 1.58036092 1.69459954]
t_control_opt: [0.         0.00852208 0.01082065 1.50906632 1.58036092 1.69459954
 6.        ]
J_control_opt: [0.1        0.57536409 0.91763299 0.99422407 0.84150438 0.48709879
 0.        ]
mu_control_opt: [10.          8.30035777  6.60201915  4.90656269  3.21932453  1.5743873
  0.        ]
