obj_value: 0.3040373689994439
opt_params: [6.85998371e-01 1.15335327e+00 1.38337158e+00 1.25929580e+00
 7.45809500e-01 8.20744632e+00 6.43822554e+00 4.71466807e+00
 3.06186765e+00 1.49745107e+00 1.09453910e-03 2.45162502e-03
 1.27078564e-02 2.69962790e-01 4.74712857e-01]
t_control_opt: [0.00000000e+00 1.09453910e-03 2.45162502e-03 1.27078564e-02
 2.69962790e-01 4.74712857e-01 2.00000000e+00]
J_control_opt: [0.1        0.68599837 1.15335327 1.38337158 1.2592958  0.7458095
 0.        ]
mu_control_opt: [10.          8.20744632  6.43822554  4.71466807  3.06186765  1.49745107
  0.        ]
