obj_value: 1.0286781356582313
opt_params: [0.08346299 0.06666148 0.04981436 0.03267683 0.01560012 8.333337
 6.66674811 4.99937324 3.33206331 1.66591444 0.11148368 0.4443375
 0.99969529 1.77713127 2.77555855]
t_control_opt: [0.         0.11148368 0.4443375  0.99969529 1.77713127 2.77555855
 4.        ]
J_control_opt: [0.1        0.08346299 0.06666148 0.04981436 0.03267683 0.01560012
 0.        ]
mu_control_opt: [10.          8.333337    6.66674811  4.99937324  3.33206331  1.66591444
  0.        ]
