obj_value: 0.21341190713202537
opt_params: [5.54351446e-01 9.17048493e-01 1.09822924e+00 1.02246468e+00
 6.58514841e-01 8.11705923e+00 6.27251931e+00 4.50506156e+00
 2.85445840e+00 1.34575823e+00 1.00000000e-03 2.00000000e-03
 4.24109980e-01 4.30511087e-01 4.83908694e-01]
t_control_opt: [0.00000000e+00 1.00000000e-03 2.00000000e-03 4.24109980e-01
 4.30511087e-01 4.83908694e-01 3.00000000e+00]
J_control_opt: [0.1        0.55435145 0.91704849 1.09822924 1.02246468 0.65851484
 0.        ]
mu_control_opt: [10.          8.11705923  6.27251931  4.50506156  2.8544584   1.34575823
  0.        ]
