obj_value: 0.07183210084530761
opt_params: [0.49872815 0.7684655  0.89659502 0.785064   0.4473753  8.25515605
 6.50249361 4.75533872 3.06413769 1.4684243  0.00915964 1.88923459
 1.89023459 2.38277468 2.39222062]
t_control_opt: [0.         0.00915964 1.88923459 1.89023459 2.38277468 2.39222062
 7.        ]
J_control_opt: [0.1        0.49872815 0.7684655  0.89659502 0.785064   0.4473753
 0.        ]
mu_control_opt: [10.          8.25515605  6.50249361  4.75533872  3.06413769  1.4684243
  0.        ]
