obj_value: 1.0287348497337756
opt_params: [0.08333313 0.06666648 0.05010697 0.03290221 0.01579847 8.33339386
 6.66623029 5.00058389 3.33426324 1.66743393 0.22227413 0.88889046
 1.99999887 3.55553785 5.55721573]
t_control_opt: [0.         0.22227413 0.88889046 1.99999887 3.55553785 5.55721573
 8.        ]
J_control_opt: [0.1        0.08333313 0.06666648 0.05010697 0.03290221 0.01579847
 0.        ]
mu_control_opt: [10.          8.33339386  6.66623029  5.00058389  3.33426324  1.66743393
  0.        ]
