obj_value: 1.0223778077049774
opt_params: [8.34457155e-02 6.65946398e-02 4.95124388e-02 3.21506586e-02
 1.54450700e-02 8.33412792e+00 6.66655341e+00 4.99826451e+00
 3.33079088e+00 1.66477296e+00 5.55643436e-03 1.47223112e-02
 2.42276505e-02 4.13494199e-02 7.51233165e-02]
t_control_opt: [0.         0.00555643 0.01472231 0.02422765 0.04134942 0.07512332
 0.1       ]
J_control_opt: [0.1        0.08344572 0.06659464 0.04951244 0.03215066 0.01544507
 0.        ]
mu_control_opt: [10.          8.33412792  6.66655341  4.99826451  3.33079088  1.66477296
  0.        ]
