obj_value: 0.5581375629975805
opt_params: [1.00870162e+00 1.72487063e+00 2.05189250e+00 1.80802287e+00
 1.04198816e+00 8.16191888e+00 6.35842019e+00 4.62565282e+00
 3.00380349e+00 1.47321470e+00 1.00000000e-03 2.00000000e-03
 3.00000000e-03 4.90029830e-01 4.93270844e-01]
t_control_opt: [0.         0.001      0.002      0.003      0.49002983 0.49327084
 0.5       ]
J_control_opt: [0.1        1.00870162 1.72487063 2.0518925  1.80802287 1.04198816
 0.        ]
mu_control_opt: [10.          8.16191888  6.35842019  4.62565282  3.00380349  1.4732147
  0.        ]
