obj_value: 10884954.939171195
opt_params: [ 2.27770325e+02 -1.22101561e+01 -1.06532364e+03 -3.61911533e+03
  1.36957278e+03 -4.96614123e+02 -2.81048927e+02 -8.30177887e+02
  6.73150747e+02  4.38506301e+02 -2.54847650e-03  4.93825410e-02
  4.14739150e-02  4.63094523e-02  4.85737779e-02]
t_control_opt: [ 0.         -0.00254848  0.04938254  0.04147391  0.04630945  0.04857378
  0.05      ]
J_control_opt: [ 1.00000000e-01  2.27770325e+02 -1.22101561e+01 -1.06532364e+03
 -3.61911533e+03  1.36957278e+03  0.00000000e+00]
mu_control_opt: [  10.         -496.6141229  -281.04892712 -830.1778868   673.15074664
  438.50630149    0.        ]
