obj_value: 0.48561319981958245
opt_params: [8.29792885e-01 1.41507267e+00 1.71143278e+00 1.57417452e+00
 9.45001421e-01 8.20183579e+00 6.42809585e+00 4.70390585e+00
 3.05397682e+00 1.49747936e+00 6.51336000e-03 7.51336000e-03
 9.34853242e-03 1.90225524e-01 7.49000000e-01]
t_control_opt: [0.         0.00651336 0.00751336 0.00934853 0.19022552 0.749
 0.75      ]
J_control_opt: [0.1        0.82979288 1.41507267 1.71143278 1.57417452 0.94500142
 0.        ]
mu_control_opt: [10.          8.20183579  6.42809585  4.70390585  3.05397682  1.49747936
  0.        ]
