obj_value: 1.0278660542009792
opt_params: [0.08237093 0.06524366 0.04792762 0.03100952 0.01416888 8.3309062
 6.66305813 4.99654633 3.33085602 1.66525104 0.02727268 0.0669831
 0.11873848 0.19037443 0.34180837]
t_control_opt: [0.         0.02727268 0.0669831  0.11873848 0.19037443 0.34180837
 0.5       ]
J_control_opt: [0.1        0.08237093 0.06524366 0.04792762 0.03100952 0.01416888
 0.        ]
mu_control_opt: [10.          8.3309062   6.66305813  4.99654633  3.33085602  1.66525104
  0.        ]
