obj_value: 1.0287277051588346
opt_params: [0.08347887 0.06665499 0.04980047 0.03262452 0.01555524 8.3338104
 6.66671879 4.99875145 3.33063419 1.66392783 0.194549   0.77778289
 1.74979405 3.11056385 4.86184339]
t_control_opt: [0.         0.194549   0.77778289 1.74979405 3.11056385 4.86184339
 7.        ]
J_control_opt: [0.1        0.08347887 0.06665499 0.04980047 0.03262452 0.01555524
 0.        ]
mu_control_opt: [10.          8.3338104   6.66671879  4.99875145  3.33063419  1.66392783
  0.        ]
