obj_value: 33049027476.26585
opt_params: [0.08333333 0.06666667 0.05       0.03333333 0.01666667 8.33333333
 6.66666667 5.         3.33333333 1.66666667 0.08333333 0.33333333
 0.75       1.33333333 2.08333333]
t_control_opt: [0.         0.08333333 0.33333333 0.75       1.33333333 2.08333333
 3.        ]
J_control_opt: [0.1        0.08333333 0.06666667 0.05       0.03333333 0.01666667
 0.        ]
mu_control_opt: [10.          8.33333333  6.66666667  5.          3.33333333  1.66666667
  0.        ]
