obj_value: 1.0283316825462854
opt_params: [0.08359155 0.06597561 0.04865673 0.03038845 0.01444959 8.32977568
 6.66262525 4.99854513 3.3347581  1.66838077 0.03578929 0.11319565
 0.24865882 0.43555247 0.69134595]
t_control_opt: [0.         0.03578929 0.11319565 0.24865882 0.43555247 0.69134595
 1.        ]
J_control_opt: [0.1        0.08359155 0.06597561 0.04865673 0.03038845 0.01444959
 0.        ]
mu_control_opt: [10.          8.32977568  6.66262525  4.99854513  3.3347581   1.66838077
  0.        ]
