obj_value: 0.057135395802332685
opt_params: [2.79058444e-01 4.29353112e-01 5.22211536e-01 5.58101681e-01
 3.41290493e-01 8.02382737e+00 6.10420529e+00 4.29749549e+00
 2.64801190e+00 1.21791058e+00 1.00000000e-03 2.00000000e-03
 2.77969965e+00 3.27932356e+00 4.33187406e+00]
t_control_opt: [0.00000000e+00 1.00000000e-03 2.00000000e-03 2.77969965e+00
 3.27932356e+00 4.33187406e+00 9.00000000e+00]
J_control_opt: [0.1        0.27905844 0.42935311 0.52221154 0.55810168 0.34129049
 0.        ]
mu_control_opt: [10.          8.02382737  6.10420529  4.29749549  2.6480119   1.21791058
  0.        ]
