obj_value: 1.0108675411474297
opt_params: [2.73790688e-01 4.11783246e-01 4.78286066e-01 4.42741269e-01
 2.84868235e-01 8.30982880e+00 6.62411235e+00 4.94635099e+00
 3.28043783e+00 1.63055027e+00 2.24520888e-03 5.84139149e-03
 1.98726283e-02 4.14324569e-02 6.99066373e-02]
t_control_opt: [0.         0.00224521 0.00584139 0.01987263 0.04143246 0.06990664
 0.1       ]
J_control_opt: [0.1        0.27379069 0.41178325 0.47828607 0.44274127 0.28486823
 0.        ]
mu_control_opt: [10.          8.3098288   6.62411235  4.94635099  3.28043783  1.63055027
  0.        ]
