obj_value: 0.124929341170946
opt_params: [6.72910139e-01 1.01006334e+00 1.09149720e+00 9.24445895e-01
 5.44415424e-01 8.20525212e+00 6.43324040e+00 4.70008472e+00
 3.03387232e+00 1.45930304e+00 1.00000000e-03 1.22913953e+00
 1.23026383e+00 1.45062611e+00 1.49392205e+00]
t_control_opt: [0.00000000e+00 1.00000000e-03 1.22913953e+00 1.23026383e+00
 1.45062611e+00 1.49392205e+00 5.00000000e+00]
J_control_opt: [0.1        0.67291014 1.01006334 1.0914972  0.92444589 0.54441542
 0.        ]
mu_control_opt: [10.          8.20525212  6.4332404   4.70008472  3.03387232  1.45930304
  0.        ]
