obj_value: 0.4323296879012453
opt_params: [6.74811876e-01 1.14071956e+00 1.38591385e+00 1.30177823e+00
 7.86662175e-01 8.13241714e+00 6.30293653e+00 4.54784546e+00
 2.90187233e+00 1.39992286e+00 1.65746688e-03 2.75148268e-03
 9.87128655e-03 2.95152241e-02 9.90037755e-01]
t_control_opt: [0.         0.00165747 0.00275148 0.00987129 0.02951522 0.99003775
 1.        ]
J_control_opt: [0.1        0.67481188 1.14071956 1.38591385 1.30177823 0.78666218
 0.        ]
mu_control_opt: [10.          8.13241714  6.30293653  4.54784546  2.90187233  1.39992286
  0.        ]
