obj_value: 1.0287002335751159
opt_params: [0.08331877 0.06678107 0.04992394 0.03276866 0.01578967 8.33289884
 6.6669096  5.00051295 3.33397837 1.66749516 0.13895045 0.55556439
 1.24999549 2.2221647  3.4742396 ]
t_control_opt: [0.         0.13895045 0.55556439 1.24999549 2.2221647  3.4742396
 5.        ]
J_control_opt: [0.1        0.08331877 0.06678107 0.04992394 0.03276866 0.01578967
 0.        ]
mu_control_opt: [10.          8.33289884  6.6669096   5.00051295  3.33397837  1.66749516
  0.        ]
