obj_value: 0.0200865740985927
opt_params: [2.80766320e-01 4.28105086e-01 5.25183040e-01 5.14601172e-01
 3.48468286e-01 8.31431789e+00 6.62700153e+00 4.94131862e+00
 3.26846851e+00 1.61890587e+00 1.00000000e-03 2.73194559e+00
 2.75376323e+00 2.82739310e+00 2.97239010e+00]
t_control_opt: [0.00000000e+00 1.00000000e-03 2.73194559e+00 2.75376323e+00
 2.82739310e+00 2.97239010e+00 1.00000000e+01]
J_control_opt: [0.1        0.28076632 0.42810509 0.52518304 0.51460117 0.34846829
 0.        ]
mu_control_opt: [10.          8.31431789  6.62700153  4.94131862  3.26846851  1.61890587
  0.        ]
