obj_value: 0.13160932029083502
opt_params: [5.20813907e-01 8.42593815e-01 9.65779931e-01 8.70778091e-01
 5.50713588e-01 8.14415973e+00 6.32213826e+00 4.55981354e+00
 2.89159547e+00 1.35618219e+00 1.00000000e-03 2.00000000e-03
 4.99211550e-01 5.00211550e-01 5.23121548e-01]
t_control_opt: [0.00000000e+00 1.00000000e-03 2.00000000e-03 4.99211550e-01
 5.00211550e-01 5.23121548e-01 4.00000000e+00]
J_control_opt: [0.1        0.52081391 0.84259382 0.96577993 0.87077809 0.55071359
 0.        ]
mu_control_opt: [10.          8.14415973  6.32213826  4.55981354  2.89159547  1.35618219
  0.        ]
