obj_value: 1.0093503983182017
opt_params: [2.63421068e-01 3.92446771e-01 4.52475774e-01 4.13690110e-01
 2.59215668e-01 8.32501128e+00 6.65040206e+00 4.97804154e+00
 3.31109434e+00 1.65102734e+00 1.12019681e-03 2.98226650e-03
 1.85044245e-02 3.96748493e-02 6.71790053e-02]
t_control_opt: [0.         0.0011202  0.00298227 0.01850442 0.03967485 0.06717901
 0.1       ]
J_control_opt: [0.1        0.26342107 0.39244677 0.45247577 0.41369011 0.25921567
 0.        ]
mu_control_opt: [10.          8.32501128  6.65040206  4.97804154  3.31109434  1.65102734
  0.        ]
