obj_value: 1.0103090972303577
opt_params: [1.74170315e-01 2.33352361e-01 2.61169655e-01 2.38108828e-01
 1.51758805e-01 8.29604599e+00 6.59963449e+00 4.91765357e+00
 3.25253996e+00 1.60942470e+00 1.24090796e-03 9.59317757e-03
 1.06858692e-02 3.00005412e-02 3.10005412e-02]
t_control_opt: [0.         0.00124091 0.00959318 0.01068587 0.03000054 0.03100054
 0.05      ]
J_control_opt: [0.1        0.17417032 0.23335236 0.26116965 0.23810883 0.1517588
 0.        ]
mu_control_opt: [10.          8.29604599  6.59963449  4.91765357  3.25253996  1.6094247
  0.        ]
