obj_value: 0.32919095961585004
opt_params: [1.02506309e+00 1.73911177e+00 2.05972515e+00 1.80634490e+00
 1.02461699e+00 8.04192423e+00 6.15831585e+00 4.40978735e+00
 2.82418064e+00 1.37655420e+00 1.00000000e-03 2.00000000e-03
 9.95983054e-03 4.90084391e-01 4.91216667e-01]
t_control_opt: [0.         0.001      0.002      0.00995983 0.49008439 0.49121667
 0.5       ]
J_control_opt: [0.1        1.02506309 1.73911177 2.05972515 1.8063449  1.02461699
 0.        ]
mu_control_opt: [10.          8.04192423  6.15831585  4.40978735  2.82418064  1.3765542
  0.        ]
