obj_value: 0.16786106808475093
opt_params: [1.18718041e+00 2.06214067e+00 2.51408922e+00 2.40271080e+00
 1.65133244e+00 8.41079983e+00 6.79120362e+00 5.11532325e+00
 3.39955118e+00 1.70249469e+00 6.53932673e-03 9.88920001e-03
 4.27500661e-01 4.80010736e-01 9.99000000e-01]
t_control_opt: [0.         0.00653933 0.0098892  0.42750066 0.48001074 0.999
 1.        ]
J_control_opt: [0.1        1.18718041 2.06214067 2.51408922 2.4027108  1.65133244
 0.5       ]
mu_control_opt: [10.          8.41079983  6.79120362  5.11532325  3.39955118  1.70249469
  0.        ]
