obj_value: 1.0374798348597198
opt_params: [0.27271114 0.42747377 0.54581242 0.60947221 0.60014346 8.32329258
 6.64871842 4.97813486 3.31269392 1.65307171 0.26394462 0.89066935
 1.9982573  3.53967764 5.20209456]
t_control_opt: [0.         0.26394462 0.89066935 1.9982573  3.53967764 5.20209456
 8.        ]
J_control_opt: [0.1        0.27271114 0.42747377 0.54581242 0.60947221 0.60014346
 0.5       ]
mu_control_opt: [10.          8.32329258  6.64871842  4.97813486  3.31269392  1.65307171
  0.        ]
