obj_value: 3.45340242355937e-05
opt_params: [0.41423099 0.72936893 1.04528746 1.36294977 1.681322   8.33259292
 6.66574369 4.99912639 3.33281542 1.66649687 0.1297466  0.44800368
 0.9843412  1.78799532 2.7749238 ]
t_control_opt: [0.         0.1297466  0.44800368 0.9843412  1.78799532 2.7749238
 4.        ]
J_control_opt: [0.1        0.41423099 0.72936893 1.04528746 1.36294977 1.681322
 2.        ]
mu_control_opt: [10.          8.33259292  6.66574369  4.99912639  3.33281542  1.66649687
  0.        ]
