obj_value: 1.0287348120604927
opt_params: [0.08333315 0.06666651 0.05010077 0.03292725 0.01580789 8.33339032
 6.66625766 5.00052411 3.33429731 1.66745594 0.22227241 0.8888904
 1.99999892 3.55553844 5.55718154]
t_control_opt: [0.         0.22227241 0.8888904  1.99999892 3.55553844 5.55718154
 8.        ]
J_control_opt: [0.1        0.08333315 0.06666651 0.05010077 0.03292725 0.01580789
 0.        ]
mu_control_opt: [10.          8.33339032  6.66625766  5.00052411  3.33429731  1.66745594
  0.        ]
