obj_value: 0.002416208044589568
opt_params: [0.50527144 0.8945688  1.25427601 1.56662166 1.81094938 8.29534086
 6.59767206 4.91355945 3.25052936 1.61928474 0.3037776  0.76189496
 1.94882923 2.83772851 4.90213881]
t_control_opt: [0.         0.3037776  0.76189496 1.94882923 2.83772851 4.90213881
 7.        ]
J_control_opt: [0.1        0.50527144 0.8945688  1.25427601 1.56662166 1.81094938
 2.        ]
mu_control_opt: [10.          8.29534086  6.59767206  4.91355945  3.25052936  1.61928474
  0.        ]
