obj_value: 0.09062216105955448
opt_params: [5.97734025e-01 8.75658126e-01 9.27171465e-01 7.40302410e-01
 3.75098248e-01 8.19172444e+00 6.39286486e+00 4.62564544e+00
 2.94174259e+00 1.38946227e+00 1.00000000e-03 2.30656097e+00
 2.33464964e+00 2.72995095e+00 2.80313332e+00]
t_control_opt: [0.00000000e+00 1.00000000e-03 2.30656097e+00 2.33464964e+00
 2.72995095e+00 2.80313332e+00 8.00000000e+00]
J_control_opt: [0.1        0.59773402 0.87565813 0.92717147 0.74030241 0.37509825
 0.        ]
mu_control_opt: [10.          8.19172444  6.39286486  4.62564544  2.94174259  1.38946227
  0.        ]
