obj_value: 0.00012242934841602532
opt_params: [0.42688999 0.75191227 1.07342279 1.38880238 1.69743854 8.33269916
 6.66459871 4.99618667 3.32891535 1.66417211 0.22024372 0.63528483
 1.46573675 2.62908813 4.17376578]
t_control_opt: [0.         0.22024372 0.63528483 1.46573675 2.62908813 4.17376578
 6.        ]
J_control_opt: [0.1        0.42688999 0.75191227 1.07342279 1.38880238 1.69743854
 2.        ]
mu_control_opt: [10.          8.33269916  6.66459871  4.99618667  3.32891535  1.66417211
  0.        ]
