obj_value: 0.031025011933185128
opt_params: [0.34613896 0.57055734 0.67359072 0.63963061 0.46603954 8.13808977
 6.30824279 4.54650638 2.88235906 1.34592167 0.76948201 0.77048201
 2.36177327 4.12931023 4.13031023]
t_control_opt: [0.         0.76948201 0.77048201 2.36177327 4.12931023 4.13031023
 9.        ]
J_control_opt: [0.1        0.34613896 0.57055734 0.67359072 0.63963061 0.46603954
 0.        ]
mu_control_opt: [10.          8.13808977  6.30824279  4.54650638  2.88235906  1.34592167
  0.        ]
