obj_value: 0.011004266749252284
opt_params: [0.40514395 0.66840835 0.8472845  0.90123857 0.7924654  8.29330586
 6.59409044 4.90877309 3.24493918 1.60902439 0.03824152 0.06445336
 0.11324936 0.292728   0.99131102]
t_control_opt: [0.         0.03824152 0.06445336 0.11324936 0.292728   0.99131102
 2.        ]
J_control_opt: [0.1        0.40514395 0.66840835 0.8472845  0.90123857 0.7924654
 0.5       ]
mu_control_opt: [10.          8.29330586  6.59409044  4.90877309  3.24493918  1.60902439
  0.        ]
