obj_value: 0.0012951411289325433
opt_params: [0.16951829 0.2379064  0.30562998 0.37276407 0.436144   8.32875448
 6.65816197 4.98905889 3.32212897 1.65831869 0.35702554 0.92764333
 2.21623628 2.81148962 4.32131516]
t_control_opt: [0.         0.35702554 0.92764333 2.21623628 2.81148962 4.32131516
 8.        ]
J_control_opt: [0.1        0.16951829 0.2379064  0.30562998 0.37276407 0.436144
 0.5       ]
mu_control_opt: [10.          8.32875448  6.65816197  4.98905889  3.32212897  1.65831869
  0.        ]
