obj_value: 1.0287277320474602
opt_params: [0.08347913 0.06665565 0.04979967 0.0326199  0.01554955 8.33381064
 6.66671908 4.99875059 3.33063283 1.66392609 0.19454902 0.77778297
 1.74979401 3.1105638  4.86184566]
t_control_opt: [0.         0.19454902 0.77778297 1.74979401 3.1105638  4.86184566
 7.        ]
J_control_opt: [0.1        0.08347913 0.06665565 0.04979967 0.0326199  0.01554955
 0.        ]
mu_control_opt: [10.          8.33381064  6.66671908  4.99875059  3.33063283  1.66392609
  0.        ]
