obj_value: 0.10201816832556493
opt_params: [6.47838165e-01 1.03069238e+00 1.08288110e+00 8.55553732e-01
 4.52780330e-01 8.16587831e+00 6.36905099e+00 4.64522852e+00
 3.00350397e+00 1.45460038e+00 1.00000000e-03 2.00000000e-03
 1.65221233e+00 1.90929728e+00 1.91040594e+00]
t_control_opt: [0.00000000e+00 1.00000000e-03 2.00000000e-03 1.65221233e+00
 1.90929728e+00 1.91040594e+00 6.00000000e+00]
J_control_opt: [0.1        0.64783817 1.03069238 1.0828811  0.85555373 0.45278033
 0.        ]
mu_control_opt: [10.          8.16587831  6.36905099  4.64522852  3.00350397  1.45460038
  0.        ]
