obj_value: 0.2135624162753237
opt_params: [4.31618443e-01 6.92044696e-01 8.11316103e-01 7.29098779e-01
 4.40944264e-01 8.25765449e+00 6.52830601e+00 4.82432247e+00
 3.15919081e+00 1.54741007e+00 2.41158488e-03 4.54341381e-03
 4.52755767e-02 3.20429585e-01 4.22749398e-01]
t_control_opt: [0.00000000e+00 2.41158488e-03 4.54341381e-03 4.52755767e-02
 3.20429585e-01 4.22749398e-01 4.00000000e+00]
J_control_opt: [0.1        0.43161844 0.6920447  0.8113161  0.72909878 0.44094426
 0.        ]
mu_control_opt: [10.          8.25765449  6.52830601  4.82432247  3.15919081  1.54741007
  0.        ]
