obj_value: 0.0365858253178101
opt_params: [0.3018218  0.45086601 0.54513216 0.56231018 0.44840927 8.0337668
 6.12787414 4.33591374 2.70102039 1.24553822 0.20268856 1.20764982
 2.7368513  5.07863223 5.08061113]
t_control_opt: [ 0.          0.20268856  1.20764982  2.7368513   5.07863223  5.08061113
 10.        ]
J_control_opt: [0.1        0.3018218  0.45086601 0.54513216 0.56231018 0.44840927
 0.        ]
mu_control_opt: [10.          8.0337668   6.12787414  4.33591374  2.70102039  1.24553822
  0.        ]
