obj_value: 0.07431042112911565
opt_params: [5.16599726e-01 8.05985339e-01 1.01376651e+00 1.01142839e+00
 6.72689749e-01 8.32601363e+00 6.63845258e+00 4.93248149e+00
 3.24013954e+00 1.59376150e+00 1.00000000e-03 9.38414323e-01
 9.39414323e-01 9.40764961e-01 1.27625464e+00]
t_control_opt: [0.00000000e+00 1.00000000e-03 9.38414323e-01 9.39414323e-01
 9.40764961e-01 1.27625464e+00 4.00000000e+00]
J_control_opt: [0.1        0.51659973 0.80598534 1.01376651 1.01142839 0.67268975
 0.        ]
mu_control_opt: [10.          8.32601363  6.63845258  4.93248149  3.24013954  1.5937615
  0.        ]
