obj_value: 3.259570826595634e-05
opt_params: [0.40749643 0.71667324 1.02992454 1.34835844 1.6723163  8.32822743
 6.65797531 4.99008373 3.32478693 1.66199349 0.18522591 0.87488976
 1.9547411  3.55131447 5.57602717]
t_control_opt: [0.         0.18522591 0.87488976 1.9547411  3.55131447 5.57602717
 8.        ]
J_control_opt: [0.1        0.40749643 0.71667324 1.02992454 1.34835844 1.6723163
 2.        ]
mu_control_opt: [10.          8.32822743  6.65797531  4.99008373  3.32478693  1.66199349
  0.        ]
