obj_value: 0.39492436226960215
opt_params: [5.97028405e-01 9.93586021e-01 1.18672621e+00 1.07760409e+00
 6.37011891e-01 8.28722570e+00 6.58383206e+00 4.89780969e+00
 3.23878506e+00 1.61283435e+00 1.09016821e-03 5.36235239e-03
 1.19779729e-02 2.10285667e-01 5.30593821e-01]
t_control_opt: [0.00000000e+00 1.09016821e-03 5.36235239e-03 1.19779729e-02
 2.10285667e-01 5.30593821e-01 2.00000000e+00]
J_control_opt: [0.1        0.59702841 0.99358602 1.18672621 1.07760409 0.63701189
 0.        ]
mu_control_opt: [10.          8.2872257   6.58383206  4.89780969  3.23878506  1.61283435
  0.        ]
