obj_value: 0.00026620803231682254
opt_params: [0.42294591 0.74510533 1.06422096 1.37983731 1.69152777 8.33291677
 6.66588765 4.99904993 3.33254171 1.66634759 0.10044729 0.76768606
 1.72807061 2.26818457 3.42085785]
t_control_opt: [0.         0.10044729 0.76768606 1.72807061 2.26818457 3.42085785
 5.        ]
J_control_opt: [0.1        0.42294591 0.74510533 1.06422096 1.37983731 1.69152777
 2.        ]
mu_control_opt: [10.          8.33291677  6.66588765  4.99904993  3.33254171  1.66634759
  0.        ]
