obj_value: 0.04328042749613394
opt_params: [0.29236193 0.47160709 0.63828468 0.65469349 0.51495696 8.12595535
 6.28381828 4.50978658 2.85049901 1.3275847  0.71632643 1.55776159
 1.56083538 3.81927606 3.8203012 ]
t_control_opt: [0.         0.71632643 1.55776159 1.56083538 3.81927606 3.8203012
 8.        ]
J_control_opt: [0.1        0.29236193 0.47160709 0.63828468 0.65469349 0.51495696
 0.        ]
mu_control_opt: [10.          8.12595535  6.28381828  4.50978658  2.85049901  1.3275847
  0.        ]
