obj_value: 0.5107886971217205
opt_params: [5.89074566e-01 9.85839509e-01 1.18988138e+00 1.11806225e+00
 6.83582335e-01 8.25087171e+00 6.51171053e+00 4.79090223e+00
 3.11968809e+00 1.52544508e+00 1.00005263e-03 2.00005263e-03
 3.00005263e-03 9.24589701e-03 9.90023010e-01]
t_control_opt: [0.         0.00100005 0.00200005 0.00300005 0.0092459  0.99002301
 1.        ]
J_control_opt: [0.1        0.58907457 0.98583951 1.18988138 1.11806225 0.68358234
 0.        ]
mu_control_opt: [10.          8.25087171  6.51171053  4.79090223  3.11968809  1.52544508
  0.        ]
