obj_value: 0.39329130743375507
opt_params: [5.93741592e-01 9.87734015e-01 1.18205039e+00 1.07724927e+00
 6.37133299e-01 8.28457004e+00 6.57820994e+00 4.89066597e+00
 3.23216362e+00 1.60989158e+00 1.00000000e-03 2.00000000e-03
 1.24704627e-02 1.89920779e-01 5.42529448e-01]
t_control_opt: [0.00000000e+00 1.00000000e-03 2.00000000e-03 1.24704627e-02
 1.89920779e-01 5.42529448e-01 2.00000000e+00]
J_control_opt: [0.1        0.59374159 0.98773401 1.18205039 1.07724927 0.6371333
 0.        ]
mu_control_opt: [10.          8.28457004  6.57820994  4.89066597  3.23216362  1.60989158
  0.        ]
