obj_value: 1.0324339346851228
opt_params: [0.07627016 0.06768547 0.08973573 0.15880087 0.29061965 8.32650886
 6.65376478 4.9826783  3.31501829 1.65319111 0.07010256 0.13013618
 0.24478079 0.40848222 0.70698793]
t_control_opt: [0.         0.07010256 0.13013618 0.24478079 0.40848222 0.70698793
 1.        ]
J_control_opt: [0.1        0.07627016 0.06768547 0.08973573 0.15880087 0.29061965
 0.5       ]
mu_control_opt: [10.          8.32650886  6.65376478  4.9826783   3.31501829  1.65319111
  0.        ]
