obj_value: 1.0285602954659134
opt_params: [0.08344695 0.06667072 0.04979129 0.03254814 0.01557747 8.33376685
 6.66654969 4.99870402 3.3312524  1.66522542 0.0564833  0.22235105
 0.49994551 0.88832905 1.39219208]
t_control_opt: [0.         0.0564833  0.22235105 0.49994551 0.88832905 1.39219208
 2.        ]
J_control_opt: [0.1        0.08344695 0.06667072 0.04979129 0.03254814 0.01557747
 0.        ]
mu_control_opt: [10.          8.33376685  6.66654969  4.99870402  3.3312524   1.66522542
  0.        ]
