obj_value: 1.030225820660293
opt_params: [0.08665247 0.08731426 0.1154213  0.184563   0.30803472 8.32445454
 6.65025195 4.97924011 3.31278179 1.65247466 0.27950868 1.11133861
 2.49931882 4.44245674 8.81222903]
t_control_opt: [ 0.          0.27950868  1.11133861  2.49931882  4.44245674  8.81222903
 10.        ]
J_control_opt: [0.1        0.08665247 0.08731426 0.1154213  0.184563   0.30803472
 0.5       ]
mu_control_opt: [10.          8.32445454  6.65025195  4.97924011  3.31278179  1.65247466
  0.        ]
