obj_value: 0.1365257470867516
opt_params: [0.48663246 0.90157091 1.18251023 1.1676432  0.71055858 8.20441481
 6.43147132 4.70687366 3.0565653  1.50530588 0.60769736 0.60869736
 0.60969736 0.63994908 1.17220847]
t_control_opt: [0.         0.60769736 0.60869736 0.60969736 0.63994908 1.17220847
 3.        ]
J_control_opt: [0.1        0.48663246 0.90157091 1.18251023 1.1676432  0.71055858
 0.        ]
mu_control_opt: [10.          8.20441481  6.43147132  4.70687366  3.0565653   1.50530588
  0.        ]
