obj_value: 0.00018437582981227604
opt_params: [0.41451571 0.72938966 1.0447546  1.36070252 1.67819292 8.33452179
 6.66877703 5.00261596 3.33565121 1.66808575 0.61828026 1.35980727
 2.10212722 4.58027417 7.5208024 ]
t_control_opt: [ 0.          0.61828026  1.35980727  2.10212722  4.58027417  7.5208024
 10.        ]
J_control_opt: [0.1        0.41451571 0.72938966 1.0447546  1.36070252 1.67819292
 2.        ]
mu_control_opt: [10.          8.33452179  6.66877703  5.00261596  3.33565121  1.66808575
  0.        ]
