obj_value: 0.0016437596144826515
opt_params: [0.19574777 0.28787778 0.36963208 0.43450588 0.47682724 8.33746149
 6.6736184  5.00773546 3.33969187 1.67059431 0.28648576 0.97239573
 2.22440765 4.09401841 5.64252139]
t_control_opt: [0.         0.28648576 0.97239573 2.22440765 4.09401841 5.64252139
 9.        ]
J_control_opt: [0.1        0.19574777 0.28787778 0.36963208 0.43450588 0.47682724
 0.5       ]
mu_control_opt: [10.          8.33746149  6.6736184   5.00773546  3.33969187  1.67059431
  0.        ]
