obj_value: 0.04979784510412928
opt_params: [0.53220447 0.90416917 1.1512792  1.2101098  1.0199724  8.07244397
 6.18782333 4.39143872 2.72839037 1.24900624 0.02407695 0.47742609
 0.8608677  1.57007828 2.43680013]
t_control_opt: [0.         0.02407695 0.47742609 0.8608677  1.57007828 2.43680013
 7.        ]
J_control_opt: [0.1        0.53220447 0.90416917 1.1512792  1.2101098  1.0199724
 0.5       ]
mu_control_opt: [10.          8.07244397  6.18782333  4.39143872  2.72839037  1.24900624
  0.        ]
