obj_value: 0.10604963338966363
opt_params: [5.45889071e-01 8.76298919e-01 9.76894131e-01 8.14581144e-01
 4.45587462e-01 8.18458647e+00 6.38737005e+00 4.62659712e+00
 2.94024217e+00 1.38422698e+00 1.00000000e-03 2.40154892e-02
 2.03214414e+00 2.19002328e+00 2.26357111e+00]
t_control_opt: [0.00000000e+00 1.00000000e-03 2.40154892e-02 2.03214414e+00
 2.19002328e+00 2.26357111e+00 7.00000000e+00]
J_control_opt: [0.1        0.54588907 0.87629892 0.97689413 0.81458114 0.44558746
 0.        ]
mu_control_opt: [10.          8.18458647  6.38737005  4.62659712  2.94024217  1.38422698
  0.        ]
