obj_value: 4.374921401496625e-05
opt_params: [0.41403516 0.7282392  1.0438791  1.36046646 1.67952376 8.33096678
 6.66261291 4.99519499 3.3290734  1.66432489 0.27822225 0.74638991
 1.81833418 2.92685606 4.99848755]
t_control_opt: [0.         0.27822225 0.74638991 1.81833418 2.92685606 4.99848755
 7.        ]
J_control_opt: [0.1        0.41403516 0.7282392  1.0438791  1.36046646 1.67952376
 2.        ]
mu_control_opt: [10.          8.33096678  6.66261291  4.99519499  3.3290734   1.66432489
  0.        ]
