obj_value: 0.08052404227968234
opt_params: [8.19714185e-01 1.41335588e+00 1.76286471e+00 1.76503438e+00
 1.32337079e+00 8.12493573e+00 6.28399419e+00 4.51180617e+00
 2.85186331e+00 1.35574079e+00 1.00000000e-03 1.18592880e-01
 5.49285393e-01 5.50812611e-01 1.91111830e+00]
t_control_opt: [0.00000000e+00 1.00000000e-03 1.18592880e-01 5.49285393e-01
 5.50812611e-01 1.91111830e+00 3.00000000e+00]
J_control_opt: [0.1        0.81971418 1.41335588 1.76286471 1.76503438 1.32337079
 0.5       ]
mu_control_opt: [10.          8.12493573  6.28399419  4.51180617  2.85186331  1.35574079
  0.        ]
