obj_value: 5.538008886962796e-05
opt_params: [0.41346937 0.72760511 1.04312914 1.36043422 1.67960345 8.34022585
 6.67892531 5.01465083 3.34653214 1.6744295  0.27491504 0.53651248
 0.98925027 1.96090798 3.92675723]
t_control_opt: [0.         0.27491504 0.53651248 0.98925027 1.96090798 3.92675723
 6.        ]
J_control_opt: [0.1        0.41346937 0.72760511 1.04312914 1.36043422 1.67960345
 2.        ]
mu_control_opt: [10.          8.34022585  6.67892531  5.01465083  3.34653214  1.6744295
  0.        ]
