obj_value: 0.026762804039585367
opt_params: [6.00990016e-01 1.01929888e+00 1.27212307e+00 1.27861117e+00
 9.92065611e-01 8.32301102e+00 6.64809998e+00 4.97734767e+00
 3.31297878e+00 1.65578171e+00 5.03938146e-03 9.66022691e-03
 1.06602269e-02 2.25002128e-01 9.99000000e-01]
t_control_opt: [0.         0.00503938 0.00966023 0.01066023 0.22500213 0.999
 1.        ]
J_control_opt: [0.1        0.60099002 1.01929888 1.27212307 1.27861117 0.99206561
 0.5       ]
mu_control_opt: [10.          8.32301102  6.64809998  4.97734767  3.31297878  1.65578171
  0.        ]
