obj_value: 0.0005917694281202818
opt_params: [0.43174243 0.75889584 1.08085549 1.39547108 1.70142441 8.34073333
 6.67858529 5.01307231 3.34469083 1.67409747 0.02544701 0.28811202
 1.14022132 1.52224696 2.56210449]
t_control_opt: [0.         0.02544701 0.28811202 1.14022132 1.52224696 2.56210449
 4.        ]
J_control_opt: [0.1        0.43174243 0.75889584 1.08085549 1.39547108 1.70142441
 2.        ]
mu_control_opt: [10.          8.34073333  6.67858529  5.01307231  3.34469083  1.67409747
  0.        ]
