obj_value: 1.0287468592106703
opt_params: [0.0834757  0.06666524 0.04978291 0.03264359 0.01554382 8.33366027
 6.66671879 4.99913442 3.33119305 1.66438008 0.27780859 1.11111654
 2.49996556 4.44415595 6.94585157]
t_control_opt: [ 0.          0.27780859  1.11111654  2.49996556  4.44415595  6.94585157
 10.        ]
J_control_opt: [0.1        0.0834757  0.06666524 0.04978291 0.03264359 0.01554382
 0.        ]
mu_control_opt: [10.          8.33366027  6.66671879  4.99913442  3.33119305  1.66438008
  0.        ]
