obj_value: 1.0287468766799053
opt_params: [0.08347544 0.06666595 0.04978291 0.03264044 0.0155386  8.33365961
 6.66671878 4.99913575 3.33119579 1.66438446 0.27780865 1.11111654
 2.49996569 4.44415621 6.94584353]
t_control_opt: [ 0.          0.27780865  1.11111654  2.49996569  4.44415621  6.94584353
 10.        ]
J_control_opt: [0.1        0.08347544 0.06666595 0.04978291 0.03264044 0.0155386
 0.        ]
mu_control_opt: [10.          8.33365961  6.66671878  4.99913575  3.33119579  1.66438446
  0.        ]
