obj_value: 0.0003916261705484914
opt_params: [0.42893845 0.75492692 1.07606506 1.39084579 1.69818582 8.3344804
 6.66939166 5.0041705  3.33801468 1.66963877 0.03080694 0.27339676
 0.53037457 0.94808083 1.73995032]
t_control_opt: [0.         0.03080694 0.27339676 0.53037457 0.94808083 1.73995032
 3.        ]
J_control_opt: [0.1        0.42893845 0.75492692 1.07606506 1.39084579 1.69818582
 2.        ]
mu_control_opt: [10.          8.3344804   6.66939166  5.0041705   3.33801468  1.66963877
  0.        ]
