obj_value: 0.08053661741188305
opt_params: [1.13488830e+00 2.02734433e+00 2.61940604e+00 2.80960504e+00
 2.54339708e+00 8.54435435e+00 7.03914516e+00 5.43867997e+00
 3.72401188e+00 1.90956370e+00 7.02404842e-03 9.62958780e-03
 3.54612761e-01 3.79691993e-01 9.99000000e-01]
t_control_opt: [0.         0.00702405 0.00962959 0.35461276 0.37969199 0.999
 1.        ]
J_control_opt: [0.1        1.1348883  2.02734433 2.61940604 2.80960504 2.54339708
 2.        ]
mu_control_opt: [10.          8.54435435  7.03914516  5.43867997  3.72401188  1.9095637
  0.        ]
