obj_value: 0.04291878828007867
opt_params: [3.54528718e-01 5.30734298e-01 5.52371897e-01 5.01045473e-01
 3.30430875e-01 8.40111014e+00 6.77256681e+00 5.08496180e+00
 3.34680219e+00 1.62794648e+00 1.00000000e-03 1.92040957e-02
 2.73452970e+00 2.76512260e+00 2.86487291e+00]
t_control_opt: [0.00000000e+00 1.00000000e-03 1.92040957e-02 2.73452970e+00
 2.76512260e+00 2.86487291e+00 1.00000000e+01]
J_control_opt: [0.1        0.35452872 0.5307343  0.5523719  0.50104547 0.33043088
 0.        ]
mu_control_opt: [10.          8.40111014  6.77256681  5.0849618   3.34680219  1.62794648
  0.        ]
