obj_value: 1.0246631275995057
opt_params: [0.08334218 0.06655817 0.05003729 0.03405257 0.01786783 8.33308304
 6.66680894 5.00035304 3.33345816 1.66688628 0.2222909  0.88889093
 1.99999801 3.55553202 5.55774495]
t_control_opt: [0.         0.2222909  0.88889093 1.99999801 3.55553202 5.55774495
 8.        ]
J_control_opt: [0.1        0.08334218 0.06655817 0.05003729 0.03405257 0.01786783
 0.        ]
mu_control_opt: [10.          8.33308304  6.66680894  5.00035304  3.33345816  1.66688628
  0.        ]
