obj_value: 3.834814128483293e-05
opt_params: [0.42164731 0.74154921 1.05923256 1.37474684 1.68795502 8.34454079
 6.68572881 5.02131183 3.35147648 1.67710169 0.34118796 0.61614728
 2.17245268 3.50880178 5.43083102]
t_control_opt: [0.         0.34118796 0.61614728 2.17245268 3.50880178 5.43083102
 8.        ]
J_control_opt: [0.1        0.42164731 0.74154921 1.05923256 1.37474684 1.68795502
 2.        ]
mu_control_opt: [10.          8.34454079  6.68572881  5.02131183  3.35147648  1.67710169
  0.        ]
