obj_value: 1.0723990949045394
opt_params: [0.06473611 0.04708971 0.06320681 0.13009209 0.26472558 7.79457925
 5.68297813 3.75928394 2.11806105 0.85274019 0.54147314 1.70906606
 3.23582283 3.39589819 5.60872571]
t_control_opt: [0.         0.54147314 1.70906606 3.23582283 3.39589819 5.60872571
 8.        ]
J_control_opt: [0.1        0.06473611 0.04708971 0.06320681 0.13009209 0.26472558
 0.5       ]
mu_control_opt: [10.          7.79457925  5.68297813  3.75928394  2.11806105  0.85274019
  0.        ]
