obj_value: 0.00010405633299330156
opt_params: [0.4221161  0.74266735 1.06083303 1.37605659 1.68885943 8.33658171
 6.67231015 5.00672175 3.33889338 1.67004902 0.33330198 0.70768797
 1.74014302 3.09065564 4.97049775]
t_control_opt: [0.         0.33330198 0.70768797 1.74014302 3.09065564 4.97049775
 7.        ]
J_control_opt: [0.1        0.4221161  0.74266735 1.06083303 1.37605659 1.68885943
 2.        ]
mu_control_opt: [10.          8.33658171  6.67231015  5.00672175  3.33889338  1.67004902
  0.        ]
