obj_value: 1.143997509794262
opt_params: [0.69341857 1.19636443 1.51865129 1.57017168 1.26069909 7.91480391
 5.90138234 4.03142961 2.37673292 1.00894458 1.16189329 1.32016868
 1.74944295 2.28327104 4.94295287]
t_control_opt: [0.         1.16189329 1.32016868 1.74944295 2.28327104 4.94295287
 5.        ]
J_control_opt: [0.1        0.69341857 1.19636443 1.51865129 1.57017168 1.26069909
 0.5       ]
mu_control_opt: [10.          7.91480391  5.90138234  4.03142961  2.37673292  1.00894458
  0.        ]
