obj_value: 4.3610895245918966e-05
opt_params: [0.4117729  0.72481617 1.03987056 1.35760577 1.67766905 8.31866163
 6.64085695 4.9699257  3.3067817  1.65132803 0.3163987  1.06011269
 2.46977371 4.32701096 6.96856603]
t_control_opt: [ 0.          0.3163987   1.06011269  2.46977371  4.32701096  6.96856603
 10.        ]
J_control_opt: [0.1        0.4117729  0.72481617 1.03987056 1.35760577 1.67766905
 2.        ]
mu_control_opt: [10.          8.31866163  6.64085695  4.9699257   3.3067817   1.65132803
  0.        ]
