obj_value: 1.0302799505218736
opt_params: [0.08608847 0.08636902 0.11421392 0.18333508 0.30739235 8.32763167
 6.65566126 4.98512161 3.31789399 1.6551816  0.11605795 0.44442628
 0.99898543 1.7743002  2.77744807]
t_control_opt: [0.         0.11605795 0.44442628 0.99898543 1.7743002  2.77744807
 4.        ]
J_control_opt: [0.1        0.08608847 0.08636902 0.11421392 0.18333508 0.30739235
 0.5       ]
mu_control_opt: [10.          8.32763167  6.65566126  4.98512161  3.31789399  1.6551816
  0.        ]
