obj_value: 1.0374989130594858
opt_params: [0.26873494 0.41947283 0.53499988 0.59843411 0.59270401 8.32156882
 6.64555279 4.97419812 3.3090651  1.65095245 0.29723288 1.00517775
 2.25206627 3.99083756 5.86944834]
t_control_opt: [0.         0.29723288 1.00517775 2.25206627 3.99083756 5.86944834
 9.        ]
J_control_opt: [0.1        0.26873494 0.41947283 0.53499988 0.59843411 0.59270401
 0.5       ]
mu_control_opt: [10.          8.32156882  6.64555279  4.97419812  3.3090651   1.65095245
  0.        ]
