obj_value: 0.04145865188314358
opt_params: [0.63040542 1.05909369 1.30953309 1.31295035 1.04139732 8.1989076
 6.42104473 4.69100198 3.03615251 1.46833153 0.01330439 1.03975298
 1.33746263 2.80427493 3.66104514]
t_control_opt: [0.         0.01330439 1.03975298 1.33746263 2.80427493 3.66104514
 9.        ]
J_control_opt: [0.1        0.63040542 1.05909369 1.30953309 1.31295035 1.04139732
 0.5       ]
mu_control_opt: [10.          8.1989076   6.42104473  4.69100198  3.03615251  1.46833153
  0.        ]
