obj_value: 1.0302194786731902
opt_params: [0.08637086 0.08661519 0.11439345 0.18333368 0.30709521 8.32576537
 6.65319345 4.98383982 3.31807605 1.6563669  0.25128347 1.00009331
 2.24984136 3.99914264 6.24931881]
t_control_opt: [0.         0.25128347 1.00009331 2.24984136 3.99914264 6.24931881
 9.        ]
J_control_opt: [0.1        0.08637086 0.08661519 0.11439345 0.18333368 0.30709521
 0.5       ]
mu_control_opt: [10.          8.32576537  6.65319345  4.98383982  3.31807605  1.6563669
  0.        ]
