obj_value: 7.161882076330646e-05
opt_params: [0.41722275 0.73355014 1.04962132 1.36556549 1.68203938 8.33290422
 6.66486851 4.99671493 3.3294032  1.6637296  0.06930938 0.30828074
 0.4903247  0.8617863  1.25788619]
t_control_opt: [0.         0.06930938 0.30828074 0.4903247  0.8617863  1.25788619
 2.        ]
J_control_opt: [0.1        0.41722275 0.73355014 1.04962132 1.36556549 1.68203938
 2.        ]
mu_control_opt: [10.          8.33290422  6.66486851  4.99671493  3.3294032   1.6637296
  0.        ]
