obj_value: 1.0303829712171835
opt_params: [0.08689147 0.08730572 0.11505721 0.1839998  0.30784402 8.32545984
 6.65266994 4.9827432  3.31632975 1.65463634 0.06685176 0.22396071
 0.49901227 0.87995558 1.38483128]
t_control_opt: [0.         0.06685176 0.22396071 0.49901227 0.87995558 1.38483128
 2.        ]
J_control_opt: [0.1        0.08689147 0.08730572 0.11505721 0.1839998  0.30784402
 0.5       ]
mu_control_opt: [10.          8.32545984  6.65266994  4.9827432   3.31632975  1.65463634
  0.        ]
