obj_value: 0.3310791395366127
opt_params: [7.33021038e-01 1.23921262e+00 1.49186529e+00 1.36399676e+00
 8.03219050e-01 8.26496666e+00 6.54342109e+00 4.84845488e+00
 3.19394686e+00 1.58868770e+00 1.64719695e-03 3.10849422e-03
 9.87323184e-03 1.30009822e-01 9.99000000e-01]
t_control_opt: [0.         0.0016472  0.00310849 0.00987323 0.13000982 0.999
 1.        ]
J_control_opt: [0.1        0.73302104 1.23921262 1.49186529 1.36399676 0.80321905
 0.        ]
mu_control_opt: [10.          8.26496666  6.54342109  4.84845488  3.19394686  1.5886877
  0.        ]
