obj_value: 0.12668440454850513
opt_params: [5.19078841e-01 8.26825111e-01 9.13889546e-01 7.61988235e-01
 4.33460531e-01 8.13564063e+00 6.30485375e+00 4.54008393e+00
 2.87560385e+00 1.34997589e+00 5.87931457e-03 1.11382004e-02
 5.46278841e-01 5.94620519e-01 6.43408414e-01]
t_control_opt: [0.         0.00587931 0.0111382  0.54627884 0.59462052 0.64340841
 5.        ]
J_control_opt: [0.1        0.51907884 0.82682511 0.91388955 0.76198823 0.43346053
 0.        ]
mu_control_opt: [10.          8.13564063  6.30485375  4.54008393  2.87560385  1.34997589
  0.        ]
