obj_value: 1.0246594421282817
opt_params: [0.08333843 0.06656381 0.05008683 0.03384744 0.01752079 8.33292372
 6.66688688 5.0004584  3.33412355 1.66753471 0.13894926 0.55556421
 1.24999539 2.22216569 3.47403281]
t_control_opt: [0.         0.13894926 0.55556421 1.24999539 2.22216569 3.47403281
 5.        ]
J_control_opt: [0.1        0.08333843 0.06656381 0.05008683 0.03384744 0.01752079
 0.        ]
mu_control_opt: [10.          8.33292372  6.66688688  5.0004584   3.33412355  1.66753471
  0.        ]
