obj_value: 0.015111087341534572
opt_params: [0.64653857 1.16189768 1.59753534 1.8988941  2.01585053 8.29485356
 6.59105159 4.89682249 3.22638188 1.60229504 0.01270918 0.92126771
 1.17710537 1.65850131 3.08754314]
t_control_opt: [0.         0.01270918 0.92126771 1.17710537 1.65850131 3.08754314
 4.        ]
J_control_opt: [0.1        0.64653857 1.16189768 1.59753534 1.8988941  2.01585053
 2.        ]
mu_control_opt: [10.          8.29485356  6.59105159  4.89682249  3.22638188  1.60229504
  0.        ]
