obj_value: 2.1340707727950787e-05
opt_params: [0.41602281 0.7315658  1.04743066 1.36409013 1.68198163 8.33432493
 6.66827954 5.00180001 3.33501479 1.66758476 0.94420293 1.57523704
 2.24722409 4.1757509  6.13761494]
t_control_opt: [0.         0.94420293 1.57523704 2.24722409 4.1757509  6.13761494
 9.        ]
J_control_opt: [0.1        0.41602281 0.7315658  1.04743066 1.36409013 1.68198163
 2.        ]
mu_control_opt: [10.          8.33432493  6.66827954  5.00180001  3.33501479  1.66758476
  0.        ]
