obj_value: 0.00018498202227271182
opt_params: [0.40697198 0.71530631 1.02618241 1.34302981 1.66578102 8.32693259
 6.65543952 4.98676581 3.32129097 1.65964888 0.28893608 0.67143358
 2.43676555 4.44126982 6.86261738]
t_control_opt: [0.         0.28893608 0.67143358 2.43676555 4.44126982 6.86261738
 9.        ]
J_control_opt: [0.1        0.40697198 0.71530631 1.02618241 1.34302981 1.66578102
 2.        ]
mu_control_opt: [10.          8.32693259  6.65543952  4.98676581  3.32129097  1.65964888
  0.        ]
