obj_value: 0.009695056742240566
opt_params: [0.36528946 0.60324543 0.77972318 0.84765062 0.76194303 8.30497929
 6.61358036 4.93123789 3.26418721 1.61991724 0.04307984 0.77876911
 0.77976911 0.78076911 1.76467128]
t_control_opt: [0.         0.04307984 0.77876911 0.77976911 0.78076911 1.76467128
 3.        ]
J_control_opt: [0.1        0.36528946 0.60324543 0.77972318 0.84765062 0.76194303
 0.5       ]
mu_control_opt: [10.          8.30497929  6.61358036  4.93123789  3.26418721  1.61991724
  0.        ]
