obj_value: 1.0286781757099972
opt_params: [0.08346421 0.0666612  0.04981297 0.03267099 0.01559014 8.33333509
 6.66674902 4.99937499 3.33206584 1.6659174  0.11148372 0.44433759
 0.99969554 1.77713171 2.77555641]
t_control_opt: [0.         0.11148372 0.44433759 0.99969554 1.77713171 2.77555641
 4.        ]
J_control_opt: [0.1        0.08346421 0.0666612  0.04981297 0.03267099 0.01559014
 0.        ]
mu_control_opt: [10.          8.33333509  6.66674902  4.99937499  3.33206584  1.6659174
  0.        ]
