obj_value: 0.1515324567222776
opt_params: [6.34178872e-01 9.61178288e-01 1.03307936e+00 8.39869394e-01
 4.54340308e-01 8.19786707e+00 6.40382956e+00 4.64181179e+00
 2.95868880e+00 1.39851042e+00 1.00000000e-03 1.37248071e+00
 1.50596033e+00 1.75215889e+00 1.81198620e+00]
t_control_opt: [0.00000000e+00 1.00000000e-03 1.37248071e+00 1.50596033e+00
 1.75215889e+00 1.81198620e+00 6.00000000e+00]
J_control_opt: [0.1        0.63417887 0.96117829 1.03307936 0.83986939 0.45434031
 0.        ]
mu_control_opt: [10.          8.19786707  6.40382956  4.64181179  2.9586888   1.39851042
  0.        ]
