obj_value: 0.018658537423477124
opt_params: [0.41564367 0.68527318 0.87738484 0.90210331 0.76840919 8.22272967
 6.46435715 4.74532944 3.0943223  1.51308078 0.05439144 1.74934711
 1.75075146 3.30453474 3.86358074]
t_control_opt: [0.         0.05439144 1.74934711 1.75075146 3.30453474 3.86358074
 8.        ]
J_control_opt: [0.1        0.41564367 0.68527318 0.87738484 0.90210331 0.76840919
 0.5       ]
mu_control_opt: [10.          8.22272967  6.46435715  4.74532944  3.0943223   1.51308078
  0.        ]
