obj_value: 0.00021786020990062372
opt_params: [0.43176862 0.76105453 1.08479321 1.40046856 1.70561728 8.33371205
 6.66701834 4.99947799 3.33200681 1.66598285 0.23517006 0.65949663
 1.86959282 3.53212162 5.47046412]
t_control_opt: [0.         0.23517006 0.65949663 1.86959282 3.53212162 5.47046412
 8.        ]
J_control_opt: [0.1        0.43176862 0.76105453 1.08479321 1.40046856 1.70561728
 2.        ]
mu_control_opt: [10.          8.33371205  6.66701834  4.99947799  3.33200681  1.66598285
  0.        ]
