obj_value: 7.037165608022771e-05
opt_params: [0.4216799  0.74146026 1.0584664  1.37354743 1.68710844 8.33161734
 6.66391964 4.99717922 3.3311223  1.66556543 0.04713031 1.12356231
 1.42690238 2.07261982 3.97885744]
t_control_opt: [0.         0.04713031 1.12356231 1.42690238 2.07261982 3.97885744
 6.        ]
J_control_opt: [0.1        0.4216799  0.74146026 1.0584664  1.37354743 1.68710844
 2.        ]
mu_control_opt: [10.          8.33161734  6.66391964  4.99717922  3.3311223   1.66556543
  0.        ]
