obj_value: 0.00330848259614921
opt_params: [0.56369358 0.9855354  1.3511634  1.64394922 1.85421323 8.31328393
 6.62918822 4.95078052 3.28421949 1.63678595 0.01309447 0.71115357
 1.09378757 1.18162364 2.21602279]
t_control_opt: [0.         0.01309447 0.71115357 1.09378757 1.18162364 2.21602279
 3.        ]
J_control_opt: [0.1        0.56369358 0.9855354  1.3511634  1.64394922 1.85421323
 2.        ]
mu_control_opt: [10.          8.31328393  6.62918822  4.95078052  3.28421949  1.63678595
  0.        ]
