obj_value: 0.267269783691392
opt_params: [1.90360853e+00 3.31488676e+00 4.06504065e+00 3.96805830e+00
 3.16136820e+00 8.69668170e+00 7.29467066e+00 5.71882349e+00
 3.95622238e+00 2.02166135e+00 1.00000000e-03 2.68641030e-01
 3.80030279e-01 9.98000000e-01 9.99000000e-01]
t_control_opt: [0.         0.001      0.26864103 0.38003028 0.998      0.999
 1.        ]
J_control_opt: [0.1        1.90360853 3.31488676 4.06504065 3.9680583  3.1613682
 2.        ]
mu_control_opt: [10.          8.6966817   7.29467066  5.71882349  3.95622238  2.02166135
  0.        ]
