obj_value: 0.03916337385160153
opt_params: [0.30476607 0.47909315 0.54423675 0.51037575 0.33731979 8.25948391
 6.53991152 4.86204944 3.22107967 1.60544734 0.15945821 0.16045821
 2.89986369 2.98859528 3.07308712]
t_control_opt: [ 0.          0.15945821  0.16045821  2.89986369  2.98859528  3.07308712
 10.        ]
J_control_opt: [0.1        0.30476607 0.47909315 0.54423675 0.51037575 0.33731979
 0.        ]
mu_control_opt: [10.          8.25948391  6.53991152  4.86204944  3.22107967  1.60544734
  0.        ]
