obj_value: 0.06420193016044703
opt_params: [7.13439264e-01 1.22646231e+00 1.54296845e+00 1.56959664e+00
 1.22011519e+00 8.19907059e+00 6.42148106e+00 4.69100436e+00
 3.03245347e+00 1.47077766e+00 1.00000000e-03 2.27200110e-01
 5.12652223e-01 5.89513746e-01 1.56484975e+00]
t_control_opt: [0.00000000e+00 1.00000000e-03 2.27200110e-01 5.12652223e-01
 5.89513746e-01 1.56484975e+00 4.00000000e+00]
J_control_opt: [0.1        0.71343926 1.22646231 1.54296845 1.56959664 1.22011519
 0.5       ]
mu_control_opt: [10.          8.19907059  6.42148106  4.69100436  3.03245347  1.47077766
  0.        ]
