obj_value: 0.04493238904216855
opt_params: [0.5389825  0.91580651 1.15259301 1.18650634 0.98497006 8.0915861
 6.22386522 4.43831358 2.77760175 1.28343665 0.69084428 0.73003219
 2.67167211 3.74075626 4.53669111]
t_control_opt: [ 0.          0.69084428  0.73003219  2.67167211  3.74075626  4.53669111
 10.        ]
J_control_opt: [0.1        0.5389825  0.91580651 1.15259301 1.18650634 0.98497006
 0.5       ]
mu_control_opt: [10.          8.0915861   6.22386522  4.43831358  2.77760175  1.28343665
  0.        ]
