obj_value: 1.0323253490059927
opt_params: [0.07752818 0.06993135 0.09280916 0.16198415 0.29278422 8.31989915
 6.64204919 4.96891937 3.30296841 1.64623932 0.15337009 0.55683801
 1.24895626 2.21312689 3.52436594]
t_control_opt: [0.         0.15337009 0.55683801 1.24895626 2.21312689 3.52436594
 5.        ]
J_control_opt: [0.1        0.07752818 0.06993135 0.09280916 0.16198415 0.29278422
 0.5       ]
mu_control_opt: [10.          8.31989915  6.64204919  4.96891937  3.30296841  1.64623932
  0.        ]
