obj_value: 0.0069253695598465986
opt_params: [5.86579809e-01 1.04249405e+00 1.44026368e+00 1.75081347e+00
 1.92792830e+00 8.28311603e+00 6.57321050e+00 4.87886886e+00
 3.21258378e+00 1.59287960e+00 1.00000000e-03 6.06952234e-02
 3.99157630e-01 4.01210629e-01 1.41280141e+00]
t_control_opt: [0.00000000e+00 1.00000000e-03 6.06952234e-02 3.99157630e-01
 4.01210629e-01 1.41280141e+00 2.00000000e+00]
J_control_opt: [0.1        0.58657981 1.04249405 1.44026368 1.75081347 1.9279283
 2.        ]
mu_control_opt: [10.          8.28311603  6.5732105   4.87886886  3.21258378  1.5928796
  0.        ]
