obj_value: 0.06375821765164072
opt_params: [0.6798753  1.16687743 1.47692212 1.51311571 1.18915323 8.26713175
 6.54142958 4.83583035 3.16794781 1.55763991 0.01149861 0.9302324
 1.20695413 1.49320952 2.33438984]
t_control_opt: [0.         0.01149861 0.9302324  1.20695413 1.49320952 2.33438984
 5.        ]
J_control_opt: [0.1        0.6798753  1.16687743 1.47692212 1.51311571 1.18915323
 0.5       ]
mu_control_opt: [10.          8.26713175  6.54142958  4.83583035  3.16794781  1.55763991
  0.        ]
