obj_value: 3.2348004736470916e-05
opt_params: [0.41682491 0.73352513 1.04978106 1.36687158 1.68353378 8.33337109
 6.66680131 4.9998378  3.33334069 1.66660619 0.40249212 0.64398833
 1.56770907 2.6026459  4.10331979]
t_control_opt: [0.         0.40249212 0.64398833 1.56770907 2.6026459  4.10331979
 6.        ]
J_control_opt: [0.1        0.41682491 0.73352513 1.04978106 1.36687158 1.68353378
 2.        ]
mu_control_opt: [10.          8.33337109  6.66680131  4.9998378   3.33334069  1.66660619
  0.        ]
