obj_value: 0.0001833840571328683
opt_params: [0.42245903 0.7448399  1.06526261 1.38208245 1.69433228 8.32428635
 6.65087738 4.98069587 3.31596745 1.65733824 0.49353885 0.95813682
 2.33708937 4.05382944 6.24645707]
t_control_opt: [0.         0.49353885 0.95813682 2.33708937 4.05382944 6.24645707
 9.        ]
J_control_opt: [0.1        0.42245903 0.7448399  1.06526261 1.38208245 1.69433228
 2.        ]
mu_control_opt: [10.          8.32428635  6.65087738  4.98069587  3.31596745  1.65733824
  0.        ]
