obj_value: 1.0246102976135285
opt_params: [0.08301725 0.06705718 0.05110127 0.03628652 0.01912255 8.33000772
 6.66281209 4.99849131 3.33437606 1.6679744  0.03528519 0.11305494
 0.24870169 0.43601727 0.69138245]
t_control_opt: [0.         0.03528519 0.11305494 0.24870169 0.43601727 0.69138245
 1.        ]
J_control_opt: [0.1        0.08301725 0.06705718 0.05110127 0.03628652 0.01912255
 0.        ]
mu_control_opt: [10.          8.33000772  6.66281209  4.99849131  3.33437606  1.6679744
  0.        ]
