obj_value: 1.0246632742646662
opt_params: [0.08333197 0.06667873 0.04985587 0.03382109 0.01749372 8.33326492
 6.66727357 4.99910643 3.33234692 1.665722   0.19450398 0.77775186
 1.74983642 3.11073991 4.85929743]
t_control_opt: [0.         0.19450398 0.77775186 1.74983642 3.11073991 4.85929743
 7.        ]
J_control_opt: [0.1        0.08333197 0.06667873 0.04985587 0.03382109 0.01749372
 0.        ]
mu_control_opt: [10.          8.33326492  6.66727357  4.99910643  3.33234692  1.665722
  0.        ]
