obj_value: 3.631041951964935e-05
opt_params: [0.41937776 0.73810388 1.05538646 1.37123656 1.68605493 8.33255408
 6.66553093 4.99951788 3.33362739 1.66685933 0.47635087 0.67304173
 1.70937118 3.04629285 5.02923905]
t_control_opt: [0.         0.47635087 0.67304173 1.70937118 3.04629285 5.02923905
 7.        ]
J_control_opt: [0.1        0.41937776 0.73810388 1.05538646 1.37123656 1.68605493
 2.        ]
mu_control_opt: [10.          8.33255408  6.66553093  4.99951788  3.33362739  1.66685933
  0.        ]
