obj_value: 0.06421572838700539
opt_params: [1.06191883e+00 1.88488041e+00 2.42167046e+00 2.59872370e+00
 2.40879400e+00 8.48209863e+00 6.92338270e+00 5.29606004e+00
 3.59358937e+00 1.83017659e+00 5.54615681e-03 9.97019572e-03
 4.25891095e-01 4.68518059e-01 9.99000000e-01]
t_control_opt: [0.         0.00554616 0.0099702  0.4258911  0.46851806 0.999
 1.        ]
J_control_opt: [0.1        1.06191883 1.88488041 2.42167046 2.5987237  2.408794
 2.        ]
mu_control_opt: [10.          8.48209863  6.9233827   5.29606004  3.59358937  1.83017659
  0.        ]
