obj_value: 1.0246577991546213
opt_params: [0.08319731 0.06676816 0.0500493  0.03367085 0.01756306 8.33378835
 6.66661943 4.99866654 3.33100399 1.6646702  0.11149753 0.444297
 0.99959894 1.77695547 2.77632897]
t_control_opt: [0.         0.11149753 0.444297   0.99959894 1.77695547 2.77632897
 4.        ]
J_control_opt: [0.1        0.08319731 0.06676816 0.0500493  0.03367085 0.01756306
 0.        ]
mu_control_opt: [10.          8.33378835  6.66661943  4.99866654  3.33100399  1.6646702
  0.        ]
