obj_value: 0.0053588635885658915
opt_params: [0.32797549 0.52361098 0.65566846 0.70615918 0.65705713 8.33323411
 6.6655067  4.99607566 3.32561074 1.65793503 0.01347033 0.0561511
 1.21716105 1.40591836 2.21051424]
t_control_opt: [0.         0.01347033 0.0561511  1.21716105 1.40591836 2.21051424
 4.        ]
J_control_opt: [0.1        0.32797549 0.52361098 0.65566846 0.70615918 0.65705713
 0.5       ]
mu_control_opt: [10.          8.33323411  6.6655067   4.99607566  3.32561074  1.65793503
  0.        ]
