obj_value: 0.026372382748951234
opt_params: [0.5293886  0.89014036 1.11436906 1.18563693 0.97555599 8.27016894
 6.54846669 4.84277109 3.16405644 1.55571266 0.00963367 0.01063367
 1.23896866 1.23996866 2.46100285]
t_control_opt: [0.         0.00963367 0.01063367 1.23896866 1.23996866 2.46100285
 4.        ]
J_control_opt: [0.1        0.5293886  0.89014036 1.11436906 1.18563693 0.97555599
 0.5       ]
mu_control_opt: [10.          8.27016894  6.54846669  4.84277109  3.16405644  1.55571266
  0.        ]
