obj_value: 1.0323284611745442
opt_params: [0.08650478 0.08555379 0.1110656  0.17752492 0.30190302 8.3252969
 6.65063239 4.97627723 3.30770089 1.64767847 0.28054084 1.11163395
 2.49976446 4.44210636 7.03528261]
t_control_opt: [ 0.          0.28054084  1.11163395  2.49976446  4.44210636  7.03528261
 10.        ]
J_control_opt: [0.1        0.08650478 0.08555379 0.1110656  0.17752492 0.30190302
 0.5       ]
mu_control_opt: [10.          8.3252969   6.65063239  4.97627723  3.30770089  1.64767847
  0.        ]
