obj_value: 0.03580149303563621
opt_params: [8.02718905e-01 1.43312592e+00 1.92033050e+00 2.19620574e+00
 2.19513689e+00 8.38839483e+00 6.76306971e+00 5.11112813e+00
 3.43021803e+00 1.72681525e+00 1.00000000e-03 2.06116899e-02
 4.04860286e-01 4.35499254e-01 1.99900000e+00]
t_control_opt: [0.00000000e+00 1.00000000e-03 2.06116899e-02 4.04860286e-01
 4.35499254e-01 1.99900000e+00 2.00000000e+00]
J_control_opt: [0.1        0.8027189  1.43312592 1.9203305  2.19620574 2.19513689
 2.        ]
mu_control_opt: [10.          8.38839483  6.76306971  5.11112813  3.43021803  1.72681525
  0.        ]
