obj_value: 1.0399094498567252
opt_params: [0.12194328 0.1525555  0.19887273 0.26773594 0.36585797 8.33456489
 6.66935796 5.00321386 3.33552155 1.66691082 0.1674265  0.66649657
 1.49940448 2.66531208 4.23022662]
t_control_opt: [0.         0.1674265  0.66649657 1.49940448 2.66531208 4.23022662
 6.        ]
J_control_opt: [0.1        0.12194328 0.1525555  0.19887273 0.26773594 0.36585797
 0.5       ]
mu_control_opt: [10.          8.33456489  6.66935796  5.00321386  3.33552155  1.66691082
  0.        ]
