obj_value: 0.0621092855770422
opt_params: [7.88743500e-01 1.35253231e+00 1.66859768e+00 1.65156679e+00
 1.24098507e+00 8.23230763e+00 6.47823323e+00 4.75213189e+00
 3.07907613e+00 1.49834150e+00 1.00000000e-03 1.20602998e-02
 4.29419202e-01 4.30710569e-01 1.17209626e+00]
t_control_opt: [0.00000000e+00 1.00000000e-03 1.20602998e-02 4.29419202e-01
 4.30710569e-01 1.17209626e+00 2.00000000e+00]
J_control_opt: [0.1        0.7887435  1.35253231 1.66859768 1.65156679 1.24098507
 0.5       ]
mu_control_opt: [10.          8.23230763  6.47823323  4.75213189  3.07907613  1.4983415
  0.        ]
