obj_value: 1.0323156138977787
opt_params: [0.07904036 0.072937   0.09670771 0.16541112 0.29459896 8.32079544
 6.64429951 4.97238012 3.30653003 1.64839559 0.19970007 0.77646228
 1.74590265 3.10128484 4.92098793]
t_control_opt: [0.         0.19970007 0.77646228 1.74590265 3.10128484 4.92098793
 7.        ]
J_control_opt: [0.1        0.07904036 0.072937   0.09670771 0.16541112 0.29459896
 0.5       ]
mu_control_opt: [10.          8.32079544  6.64429951  4.97238012  3.30653003  1.64839559
  0.        ]
