obj_value: 1.0323808531320062
opt_params: [0.07565996 0.06680894 0.08931521 0.15857591 0.29026318 8.32898577
 6.65714093 4.98481935 3.31535716 1.65279486 0.06749649 0.22421729
 0.49905802 0.87974707 1.40579655]
t_control_opt: [0.         0.06749649 0.22421729 0.49905802 0.87974707 1.40579655
 2.        ]
J_control_opt: [0.1        0.07565996 0.06680894 0.08931521 0.15857591 0.29026318
 0.5       ]
mu_control_opt: [10.          8.32898577  6.65714093  4.98481935  3.31535716  1.65279486
  0.        ]
