obj_value: 1.0302334067595178
opt_params: [0.0863356  0.08621196 0.11372578 0.1826745  0.30692915 8.32764294
 6.6555622  4.98533178 3.3183005  1.65591531 0.1960962  0.77784501
 1.74989311 3.11017061 4.85750005]
t_control_opt: [0.         0.1960962  0.77784501 1.74989311 3.11017061 4.85750005
 7.        ]
J_control_opt: [0.1        0.0863356  0.08621196 0.11372578 0.1826745  0.30692915
 0.5       ]
mu_control_opt: [10.          8.32764294  6.6555622   4.98533178  3.3183005   1.65591531
  0.        ]
