obj_value: 0.010685425252268682
opt_params: [0.63185114 1.11715759 1.52003207 1.80506707 1.95340523 8.31018789
 6.62170881 4.93945946 3.27227887 1.63066874 0.01219237 0.91258645
 1.38475398 1.76319383 2.94442284]
t_control_opt: [0.         0.01219237 0.91258645 1.38475398 1.76319383 2.94442284
 4.        ]
J_control_opt: [0.1        0.63185114 1.11715759 1.52003207 1.80506707 1.95340523
 2.        ]
mu_control_opt: [10.          8.31018789  6.62170881  4.93945946  3.27227887  1.63066874
  0.        ]
