obj_value: 6.330252581898462e-05
opt_params: [0.41169444 0.72453673 1.03977524 1.35764459 1.67811878 8.3320453
 6.66420131 4.99705405 3.33064845 1.66506341 0.10739479 0.44009143
 0.65338699 1.35254094 2.10948294]
t_control_opt: [0.         0.10739479 0.44009143 0.65338699 1.35254094 2.10948294
 3.        ]
J_control_opt: [0.1        0.41169444 0.72453673 1.03977524 1.35764459 1.67811878
 2.        ]
mu_control_opt: [10.          8.3320453   6.66420131  4.99705405  3.33064845  1.66506341
  0.        ]
