obj_value: 1.3819120054404368
opt_params: [ 0.09953899  0.09293259  0.07371011  0.04983213  0.02517492  6.38627008
  3.21139591  0.91401441 -0.0888995  -0.25412106  1.34237064  1.77052972
  2.9255121   2.998       2.999     ]
t_control_opt: [0.         1.34237064 1.77052972 2.9255121  2.998      2.999
 3.        ]
J_control_opt: [0.1        0.09953899 0.09293259 0.07371011 0.04983213 0.02517492
 0.        ]
mu_control_opt: [10.          6.38627008  3.21139591  0.91401441 -0.0888995  -0.25412106
  0.        ]
