obj_value: 0.20353517482485017
opt_params: [6.16258030e-01 9.63154717e-01 1.05702636e+00 9.10183140e-01
 5.47683593e-01 8.21909163e+00 6.45036414e+00 4.70696915e+00
 3.02145661e+00 1.43804226e+00 1.00000000e-03 2.49564421e-01
 5.85082593e-01 5.99255368e-01 6.15411658e-01]
t_control_opt: [0.00000000e+00 1.00000000e-03 2.49564421e-01 5.85082593e-01
 5.99255368e-01 6.15411658e-01 4.00000000e+00]
J_control_opt: [0.1        0.61625803 0.96315472 1.05702636 0.91018314 0.54768359
 0.        ]
mu_control_opt: [10.          8.21909163  6.45036414  4.70696915  3.02145661  1.43804226
  0.        ]
