obj_value: 1.0302446672562284
opt_params: [0.08650443 0.08634981 0.11377007 0.18277657 0.30708905 8.32899736
 6.65773479 4.98659065 3.31808765 1.65503365 0.16788999 0.66676733
 1.49991115 2.66577475 4.17041697]
t_control_opt: [0.         0.16788999 0.66676733 1.49991115 2.66577475 4.17041697
 6.        ]
J_control_opt: [0.1        0.08650443 0.08634981 0.11377007 0.18277657 0.30708905
 0.5       ]
mu_control_opt: [10.          8.32899736  6.65773479  4.98659065  3.31808765  1.65503365
  0.        ]
