obj_value: 1.0283317498040707
opt_params: [0.08358922 0.06597358 0.04862425 0.03034092 0.01440769 8.32979544
 6.66264171 4.99854362 3.33473602 1.66835902 0.0357516  0.11318568
 0.24866143 0.43558481 0.69135005]
t_control_opt: [0.         0.0357516  0.11318568 0.24866143 0.43558481 0.69135005
 1.        ]
J_control_opt: [0.1        0.08358922 0.06597358 0.04862425 0.03034092 0.01440769
 0.        ]
mu_control_opt: [10.          8.32979544  6.66264171  4.99854362  3.33473602  1.66835902
  0.        ]
