obj_value: 8.499610459567671e-05
opt_params: [0.40872155 0.71982301 1.03464878 1.35337018 1.6754445  8.32431513
 6.65131814 4.98274002 3.3186366  1.65827905 0.28202924 0.34820356
 1.04799498 1.70543796 2.71675808]
t_control_opt: [0.         0.28202924 0.34820356 1.04799498 1.70543796 2.71675808
 4.        ]
J_control_opt: [0.1        0.40872155 0.71982301 1.03464878 1.35337018 1.6754445
 2.        ]
mu_control_opt: [10.          8.32431513  6.65131814  4.98274002  3.3186366   1.65827905
  0.        ]
