obj_value: 0.0010445389422121154
opt_params: [0.48403593 0.85715098 1.20610306 1.51495738 1.78114248 8.30275695
 6.61085527 4.92998078 3.26750761 1.6284501  0.66417674 1.21397314
 2.18038073 3.92145308 6.6148561 ]
t_control_opt: [0.         0.66417674 1.21397314 2.18038073 3.92145308 6.6148561
 9.        ]
J_control_opt: [0.1        0.48403593 0.85715098 1.20610306 1.51495738 1.78114248
 2.        ]
mu_control_opt: [10.          8.30275695  6.61085527  4.92998078  3.26750761  1.6284501
  0.        ]
