obj_value: 1.0323190339670059
opt_params: [0.07580498 0.06706829 0.08941693 0.15863417 0.29041011 8.3236221
 6.64855391 4.97665764 3.30986041 1.65033979 0.17127198 0.66708151
 1.49963878 2.66327296 4.22010786]
t_control_opt: [0.         0.17127198 0.66708151 1.49963878 2.66327296 4.22010786
 6.        ]
J_control_opt: [0.1        0.07580498 0.06706829 0.08941693 0.15863417 0.29041011
 0.5       ]
mu_control_opt: [10.          8.3236221   6.64855391  4.97665764  3.30986041  1.65033979
  0.        ]
