obj_value: 0.05302416229107213
opt_params: [0.54059081 0.91663149 1.16380923 1.22132864 1.02135268 8.07750496
 6.19857378 4.40751259 2.74799778 1.26383112 0.03329228 0.42502629
 0.59529088 1.05248037 1.89579159]
t_control_opt: [0.         0.03329228 0.42502629 0.59529088 1.05248037 1.89579159
 6.        ]
J_control_opt: [0.1        0.54059081 0.91663149 1.16380923 1.22132864 1.02135268
 0.5       ]
mu_control_opt: [10.          8.07750496  6.19857378  4.40751259  2.74799778  1.26383112
  0.        ]
