obj_value: 0.030159937627680256
opt_params: [0.55028696 0.92990351 1.16829339 1.19883633 0.97114825 8.2865042
 6.58021927 4.88887649 3.22195193 1.59066045 0.00926129 0.01123428
 0.15121499 0.55012149 0.88723121]
t_control_opt: [0.         0.00926129 0.01123428 0.15121499 0.55012149 0.88723121
 3.        ]
J_control_opt: [0.1        0.55028696 0.92990351 1.16829339 1.19883633 0.97114825
 0.5       ]
mu_control_opt: [10.          8.2865042   6.58021927  4.88887649  3.22195193  1.59066045
  0.        ]
