obj_value: 0.002545154831369699
opt_params: [0.5178736  0.91350229 1.26919031 1.57025701 1.80966468 8.34882295
 6.69263776 5.02899402 3.35831924 1.6843161  0.01551563 0.88755403
 1.35159065 1.86887141 3.04378178]
t_control_opt: [0.         0.01551563 0.88755403 1.35159065 1.86887141 3.04378178
 5.        ]
J_control_opt: [0.1        0.5178736  0.91350229 1.26919031 1.57025701 1.80966468
 2.        ]
mu_control_opt: [10.          8.34882295  6.69263776  5.02899402  3.35831924  1.6843161
  0.        ]
