obj_value: 0.3785475625669044
opt_params: [1.98390851e+00 3.37913861e+00 3.95719038e+00 3.51468653e+00
 2.22021530e+00 8.57375800e+00 7.06196598e+00 5.41696959e+00
 3.67444210e+00 1.85609168e+00 1.00000000e-03 3.15669264e-01
 4.70104313e-01 9.98000000e-01 9.99000000e-01]
t_control_opt: [0.00000000e+00 1.00000000e-03 3.15669264e-01 4.70104313e-01
 9.98000000e-01 9.99000000e-01 1.00000000e+00]
J_control_opt: [0.1        1.98390851 3.37913861 3.95719038 3.51468653 2.2202153
 0.5       ]
mu_control_opt: [10.          8.573758    7.06196598  5.41696959  3.6744421   1.85609168
  0.        ]
