obj_value: 1.0374337637994275
opt_params: [0.28373179 0.44744553 0.57126193 0.6349559  0.61801323 8.32513727
 6.65243107 4.98290498 3.31717003 1.65572013 0.10573903 0.23590129
 0.50790219 0.86936257 1.28464854]
t_control_opt: [0.         0.10573903 0.23590129 0.50790219 0.86936257 1.28464854
 2.        ]
J_control_opt: [0.1        0.28373179 0.44744553 0.57126193 0.6349559  0.61801323
 0.5       ]
mu_control_opt: [10.          8.32513727  6.65243107  4.98290498  3.31717003  1.65572013
  0.        ]
