obj_value: 0.003323387318588068
opt_params: [0.51536142 0.90919271 1.26037376 1.55978811 1.80023731 8.31728321
 6.63980601 4.97052676 3.30922259 1.65314127 0.0096921  0.01076802
 0.43453483 0.55238181 1.39618676]
t_control_opt: [0.         0.0096921  0.01076802 0.43453483 0.55238181 1.39618676
 2.        ]
J_control_opt: [0.1        0.51536142 0.90919271 1.26037376 1.55978811 1.80023731
 2.        ]
mu_control_opt: [10.          8.31728321  6.63980601  4.97052676  3.30922259  1.65314127
  0.        ]
