obj_value: 0.05346814579096541
opt_params: [0.6278281  1.07221075 1.35837037 1.40965263 1.15485036 8.36956259
 6.72285457 5.05240197 3.35871961 1.66287596 0.01015998 0.96600687
 1.34008255 2.71614192 3.34079033]
t_control_opt: [0.         0.01015998 0.96600687 1.34008255 2.71614192 3.34079033
 8.        ]
J_control_opt: [0.1        0.6278281  1.07221075 1.35837037 1.40965263 1.15485036
 0.5       ]
mu_control_opt: [10.          8.36956259  6.72285457  5.05240197  3.35871961  1.66287596
  0.        ]
