obj_value: 0.11702024173848169
opt_params: [9.77961743e-01 1.69978483e+00 2.11686837e+00 2.09249863e+00
 1.50061540e+00 8.19231340e+00 6.40150578e+00 4.64449274e+00
 2.96505104e+00 1.42697128e+00 1.00000000e-03 4.98504407e-02
 5.35131862e-01 5.57123884e-01 1.96478381e+00]
t_control_opt: [0.00000000e+00 1.00000000e-03 4.98504407e-02 5.35131862e-01
 5.57123884e-01 1.96478381e+00 2.00000000e+00]
J_control_opt: [0.1        0.97796174 1.69978483 2.11686837 2.09249863 1.5006154
 0.5       ]
mu_control_opt: [10.          8.1923134   6.40150578  4.64449274  2.96505104  1.42697128
  0.        ]
