obj_value: 0.00019008976275957968
opt_params: [0.41540834 0.72965111 1.04346389 1.35986634 1.67949647 8.33516577
 6.67012052 5.00527756 3.33891936 1.67076491 0.35081039 0.65851717
 2.40697952 4.46406504 6.99055492]
t_control_opt: [ 0.          0.35081039  0.65851717  2.40697952  4.46406504  6.99055492
 10.        ]
J_control_opt: [0.1        0.41540834 0.72965111 1.04346389 1.35986634 1.67949647
 2.        ]
mu_control_opt: [10.          8.33516577  6.67012052  5.00527756  3.33891936  1.67076491
  0.        ]
