obj_value: 0.03081713103949327
opt_params: [0.35466596 0.58049658 0.70522469 0.72419558 0.52457914 8.22732502
 6.47249661 4.75296798 3.08240924 1.48865743 0.39927246 0.40027246
 1.72806076 1.73063326 1.81138172]
t_control_opt: [0.         0.39927246 0.40027246 1.72806076 1.73063326 1.81138172
 6.        ]
J_control_opt: [0.1        0.35466596 0.58049658 0.70522469 0.72419558 0.52457914
 0.        ]
mu_control_opt: [10.          8.22732502  6.47249661  4.75296798  3.08240924  1.48865743
  0.        ]
