obj_value: 0.00015613252642423072
opt_params: [0.432651   0.76115054 1.08309772 1.395772   1.70124913 8.33830529
 6.67539804 5.00999954 3.342365   1.6721503  0.02708085 1.22786905
 2.40781183 4.20427878 5.73667952]
t_control_opt: [0.         0.02708085 1.22786905 2.40781183 4.20427878 5.73667952
 9.        ]
J_control_opt: [0.1        0.432651   0.76115054 1.08309772 1.395772   1.70124913
 2.        ]
mu_control_opt: [10.          8.33830529  6.67539804  5.00999954  3.342365    1.6721503
  0.        ]
