obj_value: 0.2834333789784063
opt_params: [5.17356793e-01 8.46980604e-01 1.00086500e+00 8.96126129e-01
 5.25618935e-01 8.26180035e+00 6.53721942e+00 4.83898646e+00
 3.17948827e+00 1.56912841e+00 1.00000000e-03 2.10110313e-03
 2.64400160e-02 2.90160193e-01 4.23840840e-01]
t_control_opt: [0.00000000e+00 1.00000000e-03 2.10110313e-03 2.64400160e-02
 2.90160193e-01 4.23840840e-01 3.00000000e+00]
J_control_opt: [0.1        0.51735679 0.8469806  1.000865   0.89612613 0.52561893
 0.        ]
mu_control_opt: [10.          8.26180035  6.53721942  4.83898646  3.17948827  1.56912841
  0.        ]
