obj_value: 0.03963245208446925
opt_params: [4.44508357e-01 6.99942714e-01 8.47689178e-01 7.93494387e-01
 5.55635877e-01 8.22454135e+00 6.46559852e+00 4.73690960e+00
 3.05978745e+00 1.45458677e+00 1.00000000e-03 1.07366230e+00
 1.07466230e+00 2.80932034e+00 2.81032034e+00]
t_control_opt: [0.00000000e+00 1.00000000e-03 1.07366230e+00 1.07466230e+00
 2.80932034e+00 2.81032034e+00 7.00000000e+00]
J_control_opt: [0.1        0.44450836 0.69994271 0.84768918 0.79349439 0.55563588
 0.        ]
mu_control_opt: [10.          8.22454135  6.46559852  4.7369096   3.05978745  1.45458677
  0.        ]
