obj_value: 1.0305652937957723
opt_params: [0.08640844 0.08706426 0.11527978 0.18459132 0.30848865 8.32938656
 6.65761304 4.98555197 3.31665399 1.65430472 0.05864508 0.11789788
 0.24701743 0.41986527 0.6965731 ]
t_control_opt: [0.         0.05864508 0.11789788 0.24701743 0.41986527 0.6965731
 1.        ]
J_control_opt: [0.1        0.08640844 0.08706426 0.11527978 0.18459132 0.30848865
 0.5       ]
mu_control_opt: [10.          8.32938656  6.65761304  4.98555197  3.31665399  1.65430472
  0.        ]
