obj_value: 1.0374839631035344
opt_params: [0.28133626 0.44411548 0.56816243 0.63189801 0.61545852 8.32573656
 6.6520897  4.98051249 3.31346486 1.65308502 0.369838   0.48279926
 0.69787258 0.89295492 1.71723844]
t_control_opt: [0.         0.369838   0.48279926 0.69787258 0.89295492 1.71723844
 3.        ]
J_control_opt: [0.1        0.28133626 0.44411548 0.56816243 0.63189801 0.61545852
 0.5       ]
mu_control_opt: [10.          8.32573656  6.6520897   4.98051249  3.31346486  1.65308502
  0.        ]
