obj_value: 0.08410087934919812
opt_params: [5.23813591e-01 7.62785136e-01 7.88229925e-01 6.46874494e-01
 3.26448999e-01 8.01488833e+00 6.08672131e+00 4.26781069e+00
 2.61025504e+00 1.18085935e+00 1.00000000e-03 1.30136414e+00
 2.94551488e+00 2.99625925e+00 4.03713362e+00]
t_control_opt: [0.00000000e+00 1.00000000e-03 1.30136414e+00 2.94551488e+00
 2.99625925e+00 4.03713362e+00 9.00000000e+00]
J_control_opt: [0.1        0.52381359 0.76278514 0.78822992 0.64687449 0.326449
 0.        ]
mu_control_opt: [10.          8.01488833  6.08672131  4.26781069  2.61025504  1.18085935
  0.        ]
