obj_value: 0.000731599070876092
opt_params: [0.4569515  0.8053093  1.14028969 1.45390609 1.73941253 8.33706118
 6.67268779 5.00644425 3.33810472 1.67129588 0.02702163 1.07691374
 1.72079915 2.99985414 4.74146839]
t_control_opt: [0.         0.02702163 1.07691374 1.72079915 2.99985414 4.74146839
 7.        ]
J_control_opt: [0.1        0.4569515  0.8053093  1.14028969 1.45390609 1.73941253
 2.        ]
mu_control_opt: [10.          8.33706118  6.67268779  5.00644425  3.33810472  1.67129588
  0.        ]
