obj_value: 0.027739790718731495
opt_params: [0.40638141 0.63893966 0.78139992 0.80038335 0.70419903 8.09482327
 6.23533393 4.46340585 2.82426054 1.33595371 0.02540142 1.46540314
 1.48663698 4.78365888 5.48514289]
t_control_opt: [ 0.          0.02540142  1.46540314  1.48663698  4.78365888  5.48514289
 10.        ]
J_control_opt: [0.1        0.40638141 0.63893966 0.78139992 0.80038335 0.70419903
 0.5       ]
mu_control_opt: [10.          8.09482327  6.23533393  4.46340585  2.82426054  1.33595371
  0.        ]
