obj_value: 7.051341279514076e-05
opt_params: [0.4166552  0.73360536 1.05076538 1.36773604 1.68422217 8.33358775
 6.66786234 5.00275327 3.33683191 1.66921723 0.01924069 0.6920629
 1.43259336 2.21181415 3.53039247]
t_control_opt: [0.         0.01924069 0.6920629  1.43259336 2.21181415 3.53039247
 5.        ]
J_control_opt: [0.1        0.4166552  0.73360536 1.05076538 1.36773604 1.68422217
 2.        ]
mu_control_opt: [10.          8.33358775  6.66786234  5.00275327  3.33683191  1.66921723
  0.        ]
