obj_value: 4.3149756728117895e-05
opt_params: [0.43312654 0.76215854 1.08347031 1.39575858 1.70023716 8.34034591
 6.67897308 5.01437503 3.34606242 1.67395757 0.42351836 0.8841559
 2.19272634 4.02880864 6.24430008]
t_control_opt: [0.         0.42351836 0.8841559  2.19272634 4.02880864 6.24430008
 9.        ]
J_control_opt: [0.1        0.43312654 0.76215854 1.08347031 1.39575858 1.70023716
 2.        ]
mu_control_opt: [10.          8.34034591  6.67897308  5.01437503  3.34606242  1.67395757
  0.        ]
