obj_value: 0.01610832764256949
opt_params: [0.61678527 1.09550709 1.49936068 1.79403562 1.94998472 8.27098533
 6.55400757 4.8612057  3.20390088 1.59229906 0.01366674 0.16546076
 0.48197134 0.58313525 2.311724  ]
t_control_opt: [0.         0.01366674 0.16546076 0.48197134 0.58313525 2.311724
 3.        ]
J_control_opt: [0.1        0.61678527 1.09550709 1.49936068 1.79403562 1.94998472
 2.        ]
mu_control_opt: [10.          8.27098533  6.55400757  4.8612057   3.20390088  1.59229906
  0.        ]
