obj_value: 2.465773842365855e-05
opt_params: [0.41161198 0.72444899 1.03923292 1.35688511 1.67748339 8.34128494
 6.68018489 5.01554872 3.34671072 1.67427176 0.30426391 0.85487392
 1.84350141 3.18813481 4.92751217]
t_control_opt: [0.         0.30426391 0.85487392 1.84350141 3.18813481 4.92751217
 7.        ]
J_control_opt: [0.1        0.41161198 0.72444899 1.03923292 1.35688511 1.67748339
 2.        ]
mu_control_opt: [10.          8.34128494  6.68018489  5.01554872  3.34671072  1.67427176
  0.        ]
