obj_value: 1.0323174300851932
opt_params: [0.08113114 0.07611533 0.10019318 0.16892151 0.29748037 8.3135229
 6.63105316 4.95610107 3.29166686 1.63959036 0.25809693 1.00065034
 2.24970585 3.99743805 6.43336697]
t_control_opt: [0.         0.25809693 1.00065034 2.24970585 3.99743805 6.43336697
 9.        ]
J_control_opt: [0.1        0.08113114 0.07611533 0.10019318 0.16892151 0.29748037
 0.5       ]
mu_control_opt: [10.          8.3135229   6.63105316  4.95610107  3.29166686  1.63959036
  0.        ]
