obj_value: 0.5086027063865743
opt_params: [5.93127287e-01 9.89971808e-01 1.19508303e+00 1.11132300e+00
 6.69715122e-01 8.19080200e+00 6.40762457e+00 4.67685241e+00
 3.02431979e+00 1.47659535e+00 1.00000000e-03 2.11002651e-03
 1.02006975e-02 7.14538991e-02 9.90022913e-01]
t_control_opt: [0.         0.001      0.00211003 0.0102007  0.0714539  0.99002291
 1.        ]
J_control_opt: [0.1        0.59312729 0.98997181 1.19508303 1.111323   0.66971512
 0.        ]
mu_control_opt: [10.          8.190802    6.40762457  4.67685241  3.02431979  1.47659535
  0.        ]
