obj_value: 0.012299117892086892
opt_params: [6.06944192e-01 1.07553199e+00 1.47138911e+00 1.76490559e+00
 1.93399091e+00 8.30586569e+00 6.61627929e+00 4.93633020e+00
 3.27202476e+00 1.63022017e+00 1.00000000e-03 1.76384198e-01
 5.72800782e-01 7.10639728e-01 2.05145151e+00]
t_control_opt: [0.00000000e+00 1.00000000e-03 1.76384198e-01 5.72800782e-01
 7.10639728e-01 2.05145151e+00 3.00000000e+00]
J_control_opt: [0.1        0.60694419 1.07553199 1.47138911 1.76490559 1.93399091
 2.        ]
mu_control_opt: [10.          8.30586569  6.61627929  4.9363302   3.27202476  1.63022017
  0.        ]
