obj_value: 0.0008827067244278338
opt_params: [0.45273047 0.79867405 1.13081234 1.44299885 1.73133829 8.33765647
 6.67392796 5.00833831 3.3413138  1.67408981 0.20616138 0.543653
 1.48984969 2.27218081 3.67289959]
t_control_opt: [0.         0.20616138 0.543653   1.48984969 2.27218081 3.67289959
 6.        ]
J_control_opt: [0.1        0.45273047 0.79867405 1.13081234 1.44299885 1.73133829
 2.        ]
mu_control_opt: [10.          8.33765647  6.67392796  5.00833831  3.3413138   1.67408981
  0.        ]
