obj_value: 0.02185319309556391
opt_params: [0.44858521 0.73974032 0.91776608 0.93822261 0.81304582 8.30542736
 6.61187894 4.92145079 3.24416741 1.5942134  0.01169716 0.04433806
 1.35396164 2.6570782  2.70715373]
t_control_opt: [0.         0.01169716 0.04433806 1.35396164 2.6570782  2.70715373
 7.        ]
J_control_opt: [0.1        0.44858521 0.73974032 0.91776608 0.93822261 0.81304582
 0.5       ]
mu_control_opt: [10.          8.30542736  6.61187894  4.92145079  3.24416741  1.5942134
  0.        ]
