obj_value: 1.1633855869053291
opt_params: [0.693341   1.19637244 1.51873062 1.57024451 1.26068982 7.64082704
 5.40044118 3.39750213 1.75066255 0.57853137 0.23639279 0.88722684
 1.99413613 3.55978672 7.23751078]
t_control_opt: [0.         0.23639279 0.88722684 1.99413613 3.55978672 7.23751078
 8.        ]
J_control_opt: [0.1        0.693341   1.19637244 1.51873062 1.57024451 1.26068982
 0.5       ]
mu_control_opt: [10.          7.64082704  5.40044118  3.39750213  1.75066255  0.57853137
  0.        ]
