obj_value: 1.0323538261990792
opt_params: [0.07549352 0.06630472 0.08775649 0.15563112 0.28691819 8.31909907
 6.64054152 4.9664299  3.29978622 1.6441595  0.09456777 0.33284832
 0.74545305 1.32041741 2.10953513]
t_control_opt: [0.         0.09456777 0.33284832 0.74545305 1.32041741 2.10953513
 3.        ]
J_control_opt: [0.1        0.07549352 0.06630472 0.08775649 0.15563112 0.28691819
 0.5       ]
mu_control_opt: [10.          8.31909907  6.64054152  4.9664299   3.29978622  1.6441595
  0.        ]
