obj_value: 0.06965363736739316
opt_params: [4.98045748e-01 7.33575017e-01 8.26279611e-01 6.96189824e-01
 3.61394781e-01 8.21217826e+00 6.43898736e+00 4.69630623e+00
 3.02604372e+00 1.45519560e+00 1.00000000e-03 2.02919378e+00
 2.03032169e+00 2.48191579e+00 2.57049544e+00]
t_control_opt: [0.00000000e+00 1.00000000e-03 2.02919378e+00 2.03032169e+00
 2.48191579e+00 2.57049544e+00 8.00000000e+00]
J_control_opt: [0.1        0.49804575 0.73357502 0.82627961 0.69618982 0.36139478
 0.        ]
mu_control_opt: [10.          8.21217826  6.43898736  4.69630623  3.02604372  1.4551956
  0.        ]
