obj_value: 0.001176200618523928
opt_params: [0.48240883 0.85199603 1.19510605 1.50234978 1.77409301 8.29140949
 6.59091025 4.90690339 3.24765076 1.61712438 0.49574099 1.23147244
 2.40242677 4.20273847 7.3340954 ]
t_control_opt: [ 0.          0.49574099  1.23147244  2.40242677  4.20273847  7.3340954
 10.        ]
J_control_opt: [0.1        0.48240883 0.85199603 1.19510605 1.50234978 1.77409301
 2.        ]
mu_control_opt: [10.          8.29140949  6.59091025  4.90690339  3.24765076  1.61712438
  0.        ]
