obj_value: 1.0374550281762558
opt_params: [0.29081081 0.46057514 0.58782829 0.65126446 0.62916726 8.32805722
 6.65675717 4.98691504 3.31961063 1.65652261 0.18031421 0.45111668
 0.99676709 1.74962382 2.59329367]
t_control_opt: [0.         0.18031421 0.45111668 0.99676709 1.74962382 2.59329367
 4.        ]
J_control_opt: [0.1        0.29081081 0.46057514 0.58782829 0.65126446 0.62916726
 0.5       ]
mu_control_opt: [10.          8.32805722  6.65675717  4.98691504  3.31961063  1.65652261
  0.        ]
