obj_value: 0.2458631845773485
opt_params: [1.87248269e+00 3.23948157e+00 3.95347618e+00 3.86363355e+00
 3.10015426e+00 8.66108350e+00 7.22485922e+00 5.62501375e+00
 3.86630539e+00 1.96763631e+00 1.00000000e-03 3.23148944e-01
 4.20080387e-01 9.98000000e-01 9.99000000e-01]
t_control_opt: [0.00000000e+00 1.00000000e-03 3.23148944e-01 4.20080387e-01
 9.98000000e-01 9.99000000e-01 1.00000000e+00]
J_control_opt: [0.1        1.87248269 3.23948157 3.95347618 3.86363355 3.10015426
 2.        ]
mu_control_opt: [10.          8.6610835   7.22485922  5.62501375  3.86630539  1.96763631
  0.        ]
