obj_value: 1.087830653583549
opt_params: [0.06252767 0.04254824 0.05770728 0.12510772 0.26219667 7.69703833
 5.50632319 3.54043859 1.91067944 0.73011638 0.11807624 0.42564718
 0.43323084 0.83358383 3.86360543]
t_control_opt: [0.         0.11807624 0.42564718 0.43323084 0.83358383 3.86360543
 4.        ]
J_control_opt: [0.1        0.06252767 0.04254824 0.05770728 0.12510772 0.26219667
 0.5       ]
mu_control_opt: [10.          7.69703833  5.50632319  3.54043859  1.91067944  0.73011638
  0.        ]
