obj_value: 1.0286999727016704
opt_params: [0.08339604 0.06672523 0.04971841 0.03249215 0.01556439 8.33334607
 6.66681176 5.00008158 3.33310779 1.66667505 0.13899191 0.55557039
 1.24999073 2.22212531 3.47499039]
t_control_opt: [0.         0.13899191 0.55557039 1.24999073 2.22212531 3.47499039
 5.        ]
J_control_opt: [0.1        0.08339604 0.06672523 0.04971841 0.03249215 0.01556439
 0.        ]
mu_control_opt: [10.          8.33334607  6.66681176  5.00008158  3.33310779  1.66667505
  0.        ]
