obj_value: 0.001022156107110364
opt_params: [0.48236914 0.85074728 1.19133622 1.49985119 1.76678332 8.30832296
 6.6215553  4.94458125 3.28113416 1.63637007 0.29065112 0.56669951
 2.26011765 3.28723898 5.60521833]
t_control_opt: [0.         0.29065112 0.56669951 2.26011765 3.28723898 5.60521833
 8.        ]
J_control_opt: [0.1        0.48236914 0.85074728 1.19133622 1.49985119 1.76678332
 2.        ]
mu_control_opt: [10.          8.30832296  6.6215553   4.94458125  3.28113416  1.63637007
  0.        ]
