obj_value: 1.0375988579449356
opt_params: [0.24717103 0.38154755 0.48910432 0.55473407 0.56331804 8.32226524
 6.64683941 4.9757318  3.3105947  1.65226447 0.1984738  0.77802101
 1.74981418 3.10989864 4.93748167]
t_control_opt: [0.         0.1984738  0.77802101 1.74981418 3.10989864 4.93748167
 7.        ]
J_control_opt: [0.1        0.24717103 0.38154755 0.48910432 0.55473407 0.56331804
 0.5       ]
mu_control_opt: [10.          8.32226524  6.64683941  4.9757318   3.3105947   1.65226447
  0.        ]
