obj_value: 0.04263085905654442
opt_params: [4.11049782e-01 5.84050814e-01 6.44810577e-01 5.65067919e-01
 3.33676119e-01 8.29537640e+00 6.59127560e+00 4.89187971e+00
 3.21639006e+00 1.58195541e+00 1.00000000e-03 2.00209649e+00
 2.05683866e+00 2.10713047e+00 2.36431389e+00]
t_control_opt: [0.00000000e+00 1.00000000e-03 2.00209649e+00 2.05683866e+00
 2.10713047e+00 2.36431389e+00 9.00000000e+00]
J_control_opt: [0.1        0.41104978 0.58405081 0.64481058 0.56506792 0.33367612
 0.        ]
mu_control_opt: [10.          8.2953764   6.5912756   4.89187971  3.21639006  1.58195541
  0.        ]
