obj_value: 0.003918390783795219
opt_params: [5.26457957e-01 9.29320910e-01 1.28573594e+00 1.58372730e+00
 1.81538075e+00 8.34706296e+00 6.69049886e+00 5.02772377e+00
 3.35753787e+00 1.68100522e+00 7.55589447e-03 2.29954546e-02
 3.57564379e-01 3.96608413e-01 9.82778760e-01]
t_control_opt: [0.         0.00755589 0.02299545 0.35756438 0.39660841 0.98277876
 1.        ]
J_control_opt: [0.1        0.52645796 0.92932091 1.28573594 1.5837273  1.81538075
 2.        ]
mu_control_opt: [10.          8.34706296  6.69049886  5.02772377  3.35753787  1.68100522
  0.        ]
