obj_value: 0.00010871049356330764
opt_params: [0.41892416 0.73751737 1.05518357 1.37149    1.68640984 8.33259636
 6.66549596 4.99876929 3.33242014 1.66621924 0.18340542 0.27751911
 0.43336024 0.65915328 0.9952021 ]
t_control_opt: [0.         0.18340542 0.27751911 0.43336024 0.65915328 0.9952021
 2.        ]
J_control_opt: [0.1        0.41892416 0.73751737 1.05518357 1.37149    1.68640984
 2.        ]
mu_control_opt: [10.          8.33259636  6.66549596  4.99876929  3.33242014  1.66621924
  0.        ]
