obj_value: 0.1495479098786932
opt_params: [4.43015835e-01 7.00250293e-01 7.86609848e-01 6.69129593e-01
 3.86664419e-01 8.20536378e+00 6.43251028e+00 4.70300337e+00
 3.03946066e+00 1.46490010e+00 1.00000000e-03 2.00000000e-03
 2.74466485e-01 4.28578054e-01 5.11480992e-01]
t_control_opt: [0.00000000e+00 1.00000000e-03 2.00000000e-03 2.74466485e-01
 4.28578054e-01 5.11480992e-01 5.00000000e+00]
J_control_opt: [0.1        0.44301583 0.70025029 0.78660985 0.66912959 0.38666442
 0.        ]
mu_control_opt: [10.          8.20536378  6.43251028  4.70300337  3.03946066  1.4649001
  0.        ]
