obj_value: 1.0303157455704035
opt_params: [0.08584987 0.08625401 0.1156021  0.18571634 0.30908077 8.32757769
 6.65512289 4.98405483 3.31636816 1.65430137 0.08986151 0.33401526
 0.74961667 1.32967315 2.08978005]
t_control_opt: [0.         0.08986151 0.33401526 0.74961667 1.32967315 2.08978005
 3.        ]
J_control_opt: [0.1        0.08584987 0.08625401 0.1156021  0.18571634 0.30908077
 0.5       ]
mu_control_opt: [10.          8.32757769  6.65512289  4.98405483  3.31636816  1.65430137
  0.        ]
