obj_value: 0.01705889216187565
opt_params: [0.47251039 0.77461598 0.96947755 0.98308198 0.81667183 8.24533519
 6.51006425 4.81008414 3.16154883 1.5617428  0.04422229 1.01933762
 1.02041271 4.41223293 5.7282892 ]
t_control_opt: [0.         0.04422229 1.01933762 1.02041271 4.41223293 5.7282892
 9.        ]
J_control_opt: [0.1        0.47251039 0.77461598 0.96947755 0.98308198 0.81667183
 0.5       ]
mu_control_opt: [10.          8.24533519  6.51006425  4.81008414  3.16154883  1.5617428
  0.        ]
