obj_value: 6.502514115358362e-05
opt_params: [0.41468025 0.72953638 1.04441025 1.36008947 1.67827379 8.33741663
 6.67309478 5.00609555 3.33777126 1.66897242 0.48889423 0.79133761
 2.07582262 3.52499431 5.923827  ]
t_control_opt: [0.         0.48889423 0.79133761 2.07582262 3.52499431 5.923827
 8.        ]
J_control_opt: [0.1        0.41468025 0.72953638 1.04441025 1.36008947 1.67827379
 2.        ]
mu_control_opt: [10.          8.33741663  6.67309478  5.00609555  3.33777126  1.66897242
  0.        ]
