obj_value: 0.001222012688697291
opt_params: [0.17234735 0.24491005 0.31507385 0.38167144 0.44232312 8.32900967
 6.65854792 4.98963464 3.32296575 1.65996592 0.3467996  1.11623029
 2.51723703 3.7465798  6.13089561]
t_control_opt: [ 0.          0.3467996   1.11623029  2.51723703  3.7465798   6.13089561
 10.        ]
J_control_opt: [0.1        0.17234735 0.24491005 0.31507385 0.38167144 0.44232312
 0.5       ]
mu_control_opt: [10.          8.32900967  6.65854792  4.98963464  3.32296575  1.65996592
  0.        ]
