obj_value: 0.0006105507464815377
opt_params: [0.44108686 0.77824677 1.10732512 1.42169764 1.72013012 8.3257177
 6.65299561 4.9821655  3.31721149 1.65866004 0.33996508 1.10881708
 2.66719808 4.39857187 6.93920928]
t_control_opt: [ 0.          0.33996508  1.10881708  2.66719808  4.39857187  6.93920928
 10.        ]
J_control_opt: [0.1        0.44108686 0.77824677 1.10732512 1.42169764 1.72013012
 2.        ]
mu_control_opt: [10.          8.3257177   6.65299561  4.9821655   3.31721149  1.65866004
  0.        ]
