obj_value: 0.006461960891573924
opt_params: [0.52359932 0.9268286  1.2899604  1.59615635 1.82867736 8.33772541
 6.67388694 5.00703168 3.33839208 1.66898127 0.01020647 0.03162875
 0.16551902 0.20469141 0.79652946]
t_control_opt: [0.         0.01020647 0.03162875 0.16551902 0.20469141 0.79652946
 1.        ]
J_control_opt: [0.1        0.52359932 0.9268286  1.2899604  1.59615635 1.82867736
 2.        ]
mu_control_opt: [10.          8.33772541  6.67388694  5.00703168  3.33839208  1.66898127
  0.        ]
