obj_value: 0.0026295427572556596
opt_params: [0.22449257 0.33676897 0.42569997 0.48515848 0.50691574 8.33223653
 6.66451662 4.99692953 3.3298692  1.66400313 0.02382371 0.06654238
 0.82467492 0.97105455 2.2242864 ]
t_control_opt: [0.         0.02382371 0.06654238 0.82467492 0.97105455 2.2242864
 5.        ]
J_control_opt: [0.1        0.22449257 0.33676897 0.42569997 0.48515848 0.50691574
 0.5       ]
mu_control_opt: [10.          8.33223653  6.66451662  4.99692953  3.3298692   1.66400313
  0.        ]
