obj_value: 1.0246651003111475
opt_params: [0.08358722 0.06648915 0.04982541 0.03359522 0.01721078 8.3335629
 6.66666305 4.998831   3.33116586 1.6645084  0.27781528 1.1111177
 2.49991354 4.44412814 6.94529455]
t_control_opt: [ 0.          0.27781528  1.1111177   2.49991354  4.44412814  6.94529455
 10.        ]
J_control_opt: [0.1        0.08358722 0.06648915 0.04982541 0.03359522 0.01721078
 0.        ]
mu_control_opt: [10.          8.3335629   6.66666305  4.998831    3.33116586  1.6645084
  0.        ]
