obj_value: 0.0016538162552591261
opt_params: [0.49547768 0.87678155 1.22927502 1.5387228  1.79179401 8.30028651
 6.60683859 4.92593294 3.26337626 1.62647994 0.17056342 0.36872604
 0.56049732 1.06166737 2.9304899 ]
t_control_opt: [0.         0.17056342 0.36872604 0.56049732 1.06166737 2.9304899
 5.        ]
J_control_opt: [0.1        0.49547768 0.87678155 1.22927502 1.5387228  1.79179401
 2.        ]
mu_control_opt: [10.          8.30028651  6.60683859  4.92593294  3.26337626  1.62647994
  0.        ]
