obj_value: 0.00011724685239815287
opt_params: [0.42299765 0.74430603 1.06234945 1.37741269 1.68930302 8.33433667
 6.66842289 5.00222849 3.33581319 1.66827374 0.37339802 0.82486498
 1.59436053 2.49719546 3.5262752 ]
t_control_opt: [0.         0.37339802 0.82486498 1.59436053 2.49719546 3.5262752
 5.        ]
J_control_opt: [0.1        0.42299765 0.74430603 1.06234945 1.37741269 1.68930302
 2.        ]
mu_control_opt: [10.          8.33433667  6.66842289  5.00222849  3.33581319  1.66827374
  0.        ]
