obj_value: 1.0391451040428823
opt_params: [0.14630864 0.19665588 0.25484754 0.32342789 0.40470957 8.36152408
 6.717577   5.06329252 3.3942567  1.70737804 0.32716772 1.11730067
 1.71930896 2.27400665 9.56336496]
t_control_opt: [ 0.          0.32716772  1.11730067  1.71930896  2.27400665  9.56336496
 10.        ]
J_control_opt: [0.1        0.14630864 0.19665588 0.25484754 0.32342789 0.40470957
 0.5       ]
mu_control_opt: [10.          8.36152408  6.717577    5.06329252  3.3942567   1.70737804
  0.        ]
