obj_value: 0.17430036713871824
opt_params: [6.91531871e-01 1.16333641e+00 1.39659937e+00 1.27273673e+00
 7.28055535e-01 8.25201571e+00 6.52058560e+00 4.82213661e+00
 3.17297651e+00 1.58457076e+00 1.00000000e-03 2.00000000e-03
 3.00000000e-03 1.42577431e-01 6.52322663e-01]
t_control_opt: [0.00000000e+00 1.00000000e-03 2.00000000e-03 3.00000000e-03
 1.42577431e-01 6.52322663e-01 2.00000000e+00]
J_control_opt: [0.1        0.69153187 1.16333641 1.39659937 1.27273673 0.72805553
 0.        ]
mu_control_opt: [10.          8.25201571  6.5205856   4.82213661  3.17297651  1.58457076
  0.        ]
