obj_value: 0.044730772972006234
opt_params: [0.445702   0.72224376 0.8527983  0.84928947 0.59721486 8.26516009
 6.54409123 4.84838053 3.17970263 1.55813089 0.02966378 0.03087022
 1.38326064 1.38426064 1.4470841 ]
t_control_opt: [0.         0.02966378 0.03087022 1.38326064 1.38426064 1.4470841
 5.        ]
J_control_opt: [0.1        0.445702   0.72224376 0.8527983  0.84928947 0.59721486
 0.        ]
mu_control_opt: [10.          8.26516009  6.54409123  4.84838053  3.17970263  1.55813089
  0.        ]
