obj_value: 0.024531167890976025
opt_params: [0.48755559 0.83332974 1.03540181 1.0707995  0.89497726 8.25519625
 6.52584049 4.82789556 3.16731955 1.55702604 0.47924255 0.48024255
 1.5619334  1.59377755 2.5917112 ]
t_control_opt: [0.         0.47924255 0.48024255 1.5619334  1.59377755 2.5917112
 5.        ]
J_control_opt: [0.1        0.48755559 0.83332974 1.03540181 1.0707995  0.89497726
 0.5       ]
mu_control_opt: [10.          8.25519625  6.52584049  4.82789556  3.16731955  1.55702604
  0.        ]
