obj_value: 0.025476082001730148
opt_params: [7.42130262e-01 1.31926208e+00 1.76679221e+00 2.03611002e+00
 2.09449397e+00 8.32241576e+00 6.64479257e+00 4.96746189e+00
 3.29577541e+00 1.64083136e+00 1.00000000e-03 1.51003715e-02
 5.04344176e-01 5.37003758e-01 1.98103082e+00]
t_control_opt: [0.00000000e+00 1.00000000e-03 1.51003715e-02 5.04344176e-01
 5.37003758e-01 1.98103082e+00 2.00000000e+00]
J_control_opt: [0.1        0.74213026 1.31926208 1.76679221 2.03611002 2.09449397
 2.        ]
mu_control_opt: [10.          8.32241576  6.64479257  4.96746189  3.29577541  1.64083136
  0.        ]
