obj_value: 0.0017829998627433216
opt_params: [0.50068293 0.88480615 1.23635146 1.54407851 1.79514294 8.30727063
 6.61925333 4.94109952 3.27801699 1.63597708 0.31078895 0.56792689
 1.36019959 2.0434607  4.00224115]
t_control_opt: [0.         0.31078895 0.56792689 1.36019959 2.0434607  4.00224115
 6.        ]
J_control_opt: [0.1        0.50068293 0.88480615 1.23635146 1.54407851 1.79514294
 2.        ]
mu_control_opt: [10.          8.30727063  6.61925333  4.94109952  3.27801699  1.63597708
  0.        ]
