obj_value: 0.025527821879326958
opt_params: [4.78105361e-01 7.62744269e-01 9.21782542e-01 9.41988152e-01
 8.14269924e-01 8.23514764e+00 6.49000937e+00 4.78098601e+00
 3.11991987e+00 1.52063918e+00 1.00000000e-03 9.48843743e-01
 1.93190583e+00 2.05360834e+00 2.88646665e+00]
t_control_opt: [0.00000000e+00 1.00000000e-03 9.48843743e-01 1.93190583e+00
 2.05360834e+00 2.88646665e+00 6.00000000e+00]
J_control_opt: [0.1        0.47810536 0.76274427 0.92178254 0.94198815 0.81426992
 0.5       ]
mu_control_opt: [10.          8.23514764  6.49000937  4.78098601  3.11991987  1.52063918
  0.        ]
