obj_value: 1.0285602380377674
opt_params: [0.08344497 0.06667117 0.04979462 0.03256016 0.01559341 8.33377099
 6.66654906 4.9986906  3.33123339 1.66521112 0.05648371 0.22235115
 0.49994552 0.8883288  1.39219733]
t_control_opt: [0.         0.05648371 0.22235115 0.49994552 0.8883288  1.39219733
 2.        ]
J_control_opt: [0.1        0.08344497 0.06667117 0.04979462 0.03256016 0.01559341
 0.        ]
mu_control_opt: [10.          8.33377099  6.66654906  4.9986906   3.33123339  1.66521112
  0.        ]
