obj_value: 1.0246419814645193
opt_params: [0.08330819 0.06658219 0.05012109 0.03392373 0.0176011  8.33319462
 6.66673942 5.00051995 3.33415538 1.66723298 0.05621323 0.22231171
 0.49996395 0.8885015  1.39139922]
t_control_opt: [0.         0.05621323 0.22231171 0.49996395 0.8885015  1.39139922
 2.        ]
J_control_opt: [0.1        0.08330819 0.06658219 0.05012109 0.03392373 0.0176011
 0.        ]
mu_control_opt: [10.          8.33319462  6.66673942  5.00051995  3.33415538  1.66723298
  0.        ]
