obj_value: 0.00010146977839192448
opt_params: [0.4233668  0.74511903 1.06395184 1.37861418 1.69031434 8.32685509
 6.65527953 4.98635753 3.32112031 1.65914735 0.31847652 0.60967182
 0.93869102 1.60942679 2.52146332]
t_control_opt: [0.         0.31847652 0.60967182 0.93869102 1.60942679 2.52146332
 4.        ]
J_control_opt: [0.1        0.4233668  0.74511903 1.06395184 1.37861418 1.69031434
 2.        ]
mu_control_opt: [10.          8.32685509  6.65527953  4.98635753  3.32112031  1.65914735
  0.        ]
