obj_value: 1.037374214251596
opt_params: [0.28379103 0.4480636  0.57227948 0.63624955 0.61888456 8.33490646
 6.66922663 5.00225579 3.33363927 1.66497086 0.08452471 0.1559807
 0.2433111  0.3846614  0.64675475]
t_control_opt: [0.         0.08452471 0.1559807  0.2433111  0.3846614  0.64675475
 1.        ]
J_control_opt: [0.1        0.28379103 0.4480636  0.57227948 0.63624955 0.61888456
 0.5       ]
mu_control_opt: [10.          8.33490646  6.66922663  5.00225579  3.33363927  1.66497086
  0.        ]
