obj_value: 0.33516939014078884
opt_params: [0.58726578 0.96100766 1.13814934 1.03537205 0.61192469 8.24224925
 6.50438371 4.80083004 3.14616466 1.55232638 0.52274356 0.52608455
 0.52708455 0.64958526 0.94544324]
t_control_opt: [0.         0.52274356 0.52608455 0.52708455 0.64958526 0.94544324
 3.        ]
J_control_opt: [0.1        0.58726578 0.96100766 1.13814934 1.03537205 0.61192469
 0.        ]
mu_control_opt: [10.          8.24224925  6.50438371  4.80083004  3.14616466  1.55232638
  0.        ]
