obj_value: 1.0374613259244714
opt_params: [0.28934803 0.45739324 0.58347541 0.6463247  0.62550033 8.33036409
 6.66088082 4.99156487 3.32339668 1.65861671 0.1960845  0.5600931
 1.24737138 2.19703659 3.20302427]
t_control_opt: [0.         0.1960845  0.5600931  1.24737138 2.19703659 3.20302427
 5.        ]
J_control_opt: [0.1        0.28934803 0.45739324 0.58347541 0.6463247  0.62550033
 0.5       ]
mu_control_opt: [10.          8.33036409  6.66088082  4.99156487  3.32339668  1.65861671
  0.        ]
