obj_value: 7.044498994097412e-05
opt_params: [0.41903403 0.73725088 1.05386231 1.3692052  1.68440322 8.32178073
 6.64580527 4.97483986 3.31032233 1.65301269 0.12298022 0.36130458
 1.20227785 2.19031788 3.52833013]
t_control_opt: [0.         0.12298022 0.36130458 1.20227785 2.19031788 3.52833013
 5.        ]
J_control_opt: [0.1        0.41903403 0.73725088 1.05386231 1.3692052  1.68440322
 2.        ]
mu_control_opt: [10.          8.32178073  6.64580527  4.97483986  3.31032233  1.65301269
  0.        ]
