obj_value: 1.4645591077247829e-05
opt_params: [0.41755326 0.7348334  1.05163874 1.36793304 1.6839625  8.33292311
 6.66544865 4.99789464 3.33084805 1.66495937 0.34888609 0.78852983
 2.63418802 4.41608492 6.96774707]
t_control_opt: [ 0.          0.34888609  0.78852983  2.63418802  4.41608492  6.96774707
 10.        ]
J_control_opt: [0.1        0.41755326 0.7348334  1.05163874 1.36793304 1.6839625
 2.        ]
mu_control_opt: [10.          8.33292311  6.66544865  4.99789464  3.33084805  1.66495937
  0.        ]
