obj_value: 0.00011626951515274343
opt_params: [0.41863347 0.73699491 1.05501701 1.37130315 1.68631522 8.33093261
 6.66328176 4.99624247 3.330042   1.66459254 0.14789014 0.35226241
 0.64735204 1.38755597 1.91369181]
t_control_opt: [0.         0.14789014 0.35226241 0.64735204 1.38755597 1.91369181
 3.        ]
J_control_opt: [0.1        0.41863347 0.73699491 1.05501701 1.37130315 1.68631522
 2.        ]
mu_control_opt: [10.          8.33093261  6.66328176  4.99624247  3.330042    1.66459254
  0.        ]
