obj_value: 8266671116.824869
opt_params: [0.08333333 0.06666667 0.05       0.03333333 0.01666667 8.33333333
 6.66666667 5.         3.33333333 1.66666667 0.16666667 0.66666667
 1.5        2.66666667 4.16666667]
t_control_opt: [0.         0.16666667 0.66666667 1.5        2.66666667 4.16666667
 6.        ]
J_control_opt: [0.1        0.08333333 0.06666667 0.05       0.03333333 0.01666667
 0.        ]
mu_control_opt: [10.          8.33333333  6.66666667  5.          3.33333333  1.66666667
  0.        ]
