obj_value: 0.002362968566075953
opt_params: [0.23801216 0.36015891 0.45014302 0.50754543 0.52226162 8.34439071
 6.6863282  5.02373668 3.35442211 1.67951247 0.05497842 0.08729973
 0.6225538  2.11585913 2.97780485]
t_control_opt: [0.         0.05497842 0.08729973 0.6225538  2.11585913 2.97780485
 6.        ]
J_control_opt: [0.1        0.23801216 0.36015891 0.45014302 0.50754543 0.52226162
 0.5       ]
mu_control_opt: [10.          8.34439071  6.6863282   5.02373668  3.35442211  1.67951247
  0.        ]
