obj_value: 0.00117167027440724
opt_params: [0.17112742 0.241908   0.31188443 0.37952087 0.4415403  8.32551535
 6.65227697 4.98171559 3.31496434 1.65377291 0.54924923 1.00979636
 1.14965421 1.64121486 3.14066806]
t_control_opt: [0.         0.54924923 1.00979636 1.14965421 1.64121486 3.14066806
 7.        ]
J_control_opt: [0.1        0.17112742 0.241908   0.31188443 0.37952087 0.4415403
 0.5       ]
mu_control_opt: [10.          8.32551535  6.65227697  4.98171559  3.31496434  1.65377291
  0.        ]
