obj_value: 0.08178297627074588
opt_params: [0.56940721 0.91034568 0.96690913 0.77914434 0.40740072 8.20654397
 6.43814723 4.7147117  3.05070776 1.47479974 0.26771611 0.26871611
 1.76866925 1.93872134 2.04389248]
t_control_opt: [0.         0.26771611 0.26871611 1.76866925 1.93872134 2.04389248
 7.        ]
J_control_opt: [0.1        0.56940721 0.91034568 0.96690913 0.77914434 0.40740072
 0.        ]
mu_control_opt: [10.          8.20654397  6.43814723  4.7147117   3.05070776  1.47479974
  0.        ]
