obj_value: 0.00016802468806072267
opt_params: [0.42448482 0.74720223 1.06720472 1.38155916 1.69226835 8.34373939
 6.68487737 5.02182989 3.35264198 1.67832611 0.42362705 0.90882054
 2.15244017 3.35960751 5.98966623]
t_control_opt: [0.         0.42362705 0.90882054 2.15244017 3.35960751 5.98966623
 8.        ]
J_control_opt: [0.1        0.42448482 0.74720223 1.06720472 1.38155916 1.69226835
 2.        ]
mu_control_opt: [10.          8.34373939  6.68487737  5.02182989  3.35264198  1.67832611
  0.        ]
