obj_value: 0.735612424934223
opt_params: [7.50062295e-01 1.24215612e+00 1.41850685e+00 1.32539056e+00
 1.00358583e+00 8.40408033e+00 6.79559245e+00 5.16212035e+00
 3.48399164e+00 1.76341694e+00 1.00000000e-03 2.00000000e-03
 1.39714374e+00 1.39814374e+00 1.43365359e+00]
t_control_opt: [0.00000000e+00 1.00000000e-03 2.00000000e-03 1.39714374e+00
 1.39814374e+00 1.43365359e+00 6.00000000e+00]
J_control_opt: [0.1        0.75006229 1.24215612 1.41850685 1.32539056 1.00358583
 0.5       ]
mu_control_opt: [10.          8.40408033  6.79559245  5.16212035  3.48399164  1.76341694
  0.        ]
