obj_value: 0.8955350716203389
opt_params: [5.05950687e-01 8.46755786e-01 1.05734921e+00 1.07428332e+00
 8.37808637e-01 8.11278989e+00 6.26721227e+00 4.50482232e+00
 2.86791882e+00 1.39855805e+00 1.00000000e-03 2.00000000e-03
 2.58067829e-02 3.18629518e-02 1.90650288e+00]
t_control_opt: [0.00000000e+00 1.00000000e-03 2.00000000e-03 2.58067829e-02
 3.18629518e-02 1.90650288e+00 2.00000000e+00]
J_control_opt: [0.1        0.50595069 0.84675579 1.05734921 1.07428332 0.83780864
 0.5       ]
mu_control_opt: [10.          8.11278989  6.26721227  4.50482232  2.86791882  1.39855805
  0.        ]
