obj_value: 1.0051680689808942
opt_params: [0.10934421 0.11392711 0.10953505 0.09188788 0.05693964 8.3316667
 6.66417616 4.99663046 3.33013467 1.66460744 0.11529346 0.4446904
 0.99974451 1.77320618 2.76269931]
t_control_opt: [0.         0.11529346 0.4446904  0.99974451 1.77320618 2.76269931
 4.        ]
J_control_opt: [0.1        0.10934421 0.11392711 0.10953505 0.09188788 0.05693964
 0.        ]
mu_control_opt: [10.          8.3316667   6.66417616  4.99663046  3.33013467  1.66460744
  0.        ]
