obj_value: 0.08480593106752024
opt_params: [0.39089128 0.58443161 0.56859578 0.48422558 0.3047755  8.40638482
 6.81748454 5.23732676 3.61597967 1.89731255 0.08469506 0.08569506
 2.85629    2.86158899 3.44950281]
t_control_opt: [0.         0.08469506 0.08569506 2.85629    2.86158899 3.44950281
 9.        ]
J_control_opt: [0.1        0.39089128 0.58443161 0.56859578 0.48422558 0.3047755
 0.        ]
mu_control_opt: [10.          8.40638482  6.81748454  5.23732676  3.61597967  1.89731255
  0.        ]
