obj_value: 0.40447057436942485
opt_params: [2.06013730e+00 3.51299277e+00 4.12250013e+00 3.66797943e+00
 2.31003286e+00 8.62692649e+00 7.14491754e+00 5.50012774e+00
 3.73858215e+00 1.89088438e+00 1.00000000e-03 3.43050730e-01
 4.59497690e-01 9.98000000e-01 9.99000000e-01]
t_control_opt: [0.         0.001      0.34305073 0.45949769 0.998      0.999
 1.        ]
J_control_opt: [0.1        2.0601373  3.51299277 4.12250013 3.66797943 2.31003286
 0.5       ]
mu_control_opt: [10.          8.62692649  7.14491754  5.50012774  3.73858215  1.89088438
  0.        ]
