obj_value: 0.6317804456939646
opt_params: [5.22016894e-01 7.83156319e-01 1.00085781e+00 1.02309570e+00
 6.97754150e-01 7.67813646e+00 5.45106891e+00 3.43098905e+00
 1.79356994e+00 7.15060747e-01 1.00000000e-03 2.33823584e+00
 2.33923584e+00 2.34023584e+00 6.36786703e+00]
t_control_opt: [0.00000000e+00 1.00000000e-03 2.33823584e+00 2.33923584e+00
 2.34023584e+00 6.36786703e+00 7.00000000e+00]
J_control_opt: [0.1        0.52201689 0.78315632 1.00085781 1.0230957  0.69775415
 0.        ]
mu_control_opt: [10.          7.67813646  5.45106891  3.43098905  1.79356994  0.71506075
  0.        ]
