obj_value: 0.20024336620662922
opt_params: [-3.18728689e-01 -2.86150221e-01  1.27556827e-01  4.62027836e-01
  2.77212990e-01  8.05723195e+00  6.18372719e+00  4.42802344e+00
  2.81738848e+00  1.37954023e+00  1.00000000e-03  5.96716086e-01
  5.99175927e-01  6.00277331e-01  2.97852100e+00]
t_control_opt: [0.00000000e+00 1.00000000e-03 5.96716086e-01 5.99175927e-01
 6.00277331e-01 2.97852100e+00 3.00000000e+00]
J_control_opt: [ 0.1        -0.31872869 -0.28615022  0.12755683  0.46202784  0.27721299
  0.        ]
mu_control_opt: [10.          8.05723195  6.18372719  4.42802344  2.81738848  1.37954023
  0.        ]
