obj_value: 1.006390276524913
opt_params: [0.13522307 0.16138219 0.16953082 0.15116006 0.09784762 8.33347244
 6.66647259 4.99925473 3.33186149 1.66523667 0.2177916  0.45431519
 0.98913195 1.53482365 1.96447623]
t_control_opt: [0.         0.2177916  0.45431519 0.98913195 1.53482365 1.96447623
 4.        ]
J_control_opt: [0.1        0.13522307 0.16138219 0.16953082 0.15116006 0.09784762
 0.        ]
mu_control_opt: [10.          8.33347244  6.66647259  4.99925473  3.33186149  1.66523667
  0.        ]
