obj_value: 0.007356046182639718
opt_params: [0.28990271 0.45617859 0.56173598 0.60324386 0.57122758 8.28821015
 6.58522669 4.8982908  3.23356406 1.59756924 0.29210696 0.32415058
 1.95170879 2.4857379  3.50313655]
t_control_opt: [0.         0.29210696 0.32415058 1.95170879 2.4857379  3.50313655
 6.        ]
J_control_opt: [0.1        0.28990271 0.45617859 0.56173598 0.60324386 0.57122758
 0.5       ]
mu_control_opt: [10.          8.28821015  6.58522669  4.8982908   3.23356406  1.59756924
  0.        ]
