obj_value: 0.03840907692390767
opt_params: [5.77898440e-01 9.78157404e-01 1.22538466e+00 1.24599443e+00
 9.87596187e-01 8.26403867e+00 6.53951798e+00 4.83902810e+00
 3.17476372e+00 1.55982483e+00 1.00000000e-03 1.08690060e-01
 2.48294652e-01 6.38550837e-01 9.32223645e-01]
t_control_opt: [0.00000000e+00 1.00000000e-03 1.08690060e-01 2.48294652e-01
 6.38550837e-01 9.32223645e-01 3.00000000e+00]
J_control_opt: [0.1        0.57789844 0.9781574  1.22538466 1.24599443 0.98759619
 0.5       ]
mu_control_opt: [10.          8.26403867  6.53951798  4.8390281   3.17476372  1.55982483
  0.        ]
