obj_value: 0.8176950331766448
opt_params: [4.41034817e-01 7.18355860e-01 8.69449345e-01 9.14798030e-01
 7.84267253e-01 8.42847642e+00 6.83290824e+00 5.18923151e+00
 3.49264593e+00 1.76397074e+00 1.00000000e-03 2.96988253e-02
 1.42926556e+00 1.43026556e+00 1.98889249e+00]
t_control_opt: [0.00000000e+00 1.00000000e-03 2.96988253e-02 1.42926556e+00
 1.43026556e+00 1.98889249e+00 7.00000000e+00]
J_control_opt: [0.1        0.44103482 0.71835586 0.86944935 0.91479803 0.78426725
 0.5       ]
mu_control_opt: [10.          8.42847642  6.83290824  5.18923151  3.49264593  1.76397074
  0.        ]
