obj_value: 0.9074422905460378
opt_params: [8.64662240e-01 1.39263311e+00 1.65804632e+00 1.54473527e+00
 1.03154658e+00 8.19922076e+00 6.45951906e+00 4.74556479e+00
 3.06873308e+00 1.46653866e+00 5.04651762e-03 9.08994382e-01
 9.09994382e-01 1.66852604e+00 2.00392534e+00]
t_control_opt: [0.         0.00504652 0.90899438 0.90999438 1.66852604 2.00392534
 4.        ]
J_control_opt: [0.1        0.86466224 1.39263311 1.65804632 1.54473527 1.03154658
 0.        ]
mu_control_opt: [10.          8.19922076  6.45951906  4.74556479  3.06873308  1.46653866
  0.        ]
