obj_value: 0.9900947700471247
opt_params: [4.06564086e-01 6.62826387e-01 8.12735374e-01 8.61615716e-01
 7.42694545e-01 8.30925605e+00 6.62223344e+00 4.93992813e+00
 3.26675117e+00 1.62465668e+00 7.25068875e-03 2.33241358e-02
 1.51838168e+00 1.52118901e+00 3.36073886e+00]
t_control_opt: [0.         0.00725069 0.02332414 1.51838168 1.52118901 3.36073886
 5.        ]
J_control_opt: [0.1        0.40656409 0.66282639 0.81273537 0.86161572 0.74269454
 0.5       ]
mu_control_opt: [10.          8.30925605  6.62223344  4.93992813  3.26675117  1.62465668
  0.        ]
