obj_value: 1.0084135901501008
opt_params: [0.16490126 0.2160022  0.2393302  0.22060392 0.14558026 8.31189765
 6.62840415 4.95394509 3.29130603 1.64069967 0.12391972 0.23564964
 0.48765254 0.71736898 1.36860551]
t_control_opt: [0.         0.12391972 0.23564964 0.48765254 0.71736898 1.36860551
 2.        ]
J_control_opt: [0.1        0.16490126 0.2160022  0.2393302  0.22060392 0.14558026
 0.        ]
mu_control_opt: [10.          8.31189765  6.62840415  4.95394509  3.29130603  1.64069967
  0.        ]
