obj_value: 1.0026356764949678
opt_params: [0.17505353 0.24860898 0.3194712  0.38557558 0.44647544 8.33141802
 6.66341948 4.99616955 3.32942332 1.66458529 0.02392095 0.05814123
 0.10318556 0.18077864 0.45370769]
t_control_opt: [0.         0.02392095 0.05814123 0.10318556 0.18077864 0.45370769
 1.        ]
J_control_opt: [0.1        0.17505353 0.24860898 0.3194712  0.38557558 0.44647544
 0.5       ]
mu_control_opt: [10.          8.33141802  6.66341948  4.99616955  3.32942332  1.66458529
  0.        ]
