obj_value: 0.9628484747543431
opt_params: [3.80523320e-01 6.74867155e-01 8.73807376e-01 9.42358663e-01
 8.22774101e-01 8.26240797e+00 6.58486736e+00 4.88246929e+00
 3.23872802e+00 1.59161918e+00 1.20936011e-03 1.17894367e+00
 2.43929581e+00 2.44039416e+00 4.15670612e+00]
t_control_opt: [0.00000000e+00 1.20936011e-03 1.17894367e+00 2.43929581e+00
 2.44039416e+00 4.15670612e+00 8.00000000e+00]
J_control_opt: [0.1        0.38052332 0.67486716 0.87380738 0.94235866 0.8227741
 0.5       ]
mu_control_opt: [10.          8.26240797  6.58486736  4.88246929  3.23872802  1.59161918
  0.        ]
