obj_value: 0.8304510066364138
opt_params: [5.89197250e-01 9.87002823e-01 1.20153013e+00 1.25502983e+00
 1.04317102e+00 8.53258843e+00 7.02328064e+00 5.43023099e+00
 3.72071093e+00 1.90894188e+00 1.00000000e-03 2.00000000e-03
 1.37286739e+00 1.37386739e+00 1.49433970e+00]
t_control_opt: [0.00000000e+00 1.00000000e-03 2.00000000e-03 1.37286739e+00
 1.37386739e+00 1.49433970e+00 5.00000000e+00]
J_control_opt: [0.1        0.58919725 0.98700282 1.20153013 1.25502983 1.04317102
 0.5       ]
mu_control_opt: [10.          8.53258843  7.02328064  5.43023099  3.72071093  1.90894188
  0.        ]
