obj_value: 0.6994513965994182
opt_params: [1.00792204e+00 1.50582250e+00 1.62502499e+00 1.09146537e+00
 5.78612879e-01 7.80787509e+00 5.63744795e+00 3.55847419e+00
 1.79260856e+00 6.58526656e-01 1.00000000e-03 2.24713406e+00
 2.28057320e+00 4.83841696e+00 9.97529843e+00]
t_control_opt: [0.00000000e+00 1.00000000e-03 2.24713406e+00 2.28057320e+00
 4.83841696e+00 9.97529843e+00 1.00000000e+01]
J_control_opt: [0.1        1.00792204 1.5058225  1.62502499 1.09146537 0.57861288
 0.        ]
mu_control_opt: [10.          7.80787509  5.63744795  3.55847419  1.79260856  0.65852666
  0.        ]
