obj_value: 1.0062365162174642
opt_params: [0.13447597 0.15996862 0.16790231 0.14968343 0.09679387 8.33540143
 6.66988109 5.00287644 3.33461573 1.66653823 0.17311047 0.55794964
 1.24683715 2.1505318  2.93487342]
t_control_opt: [0.         0.17311047 0.55794964 1.24683715 2.1505318  2.93487342
 5.        ]
J_control_opt: [0.1        0.13447597 0.15996862 0.16790231 0.14968343 0.09679387
 0.        ]
mu_control_opt: [10.          8.33540143  6.66988109  5.00287644  3.33461573  1.66653823
  0.        ]
