obj_value: 0.8626526349345399
opt_params: [4.17462068e-01 6.85901112e-01 8.55075664e-01 8.74501983e-01
 7.03589673e-01 7.69135245e+00 5.50525461e+00 3.56042073e+00
 1.97397383e+00 8.61080571e-01 1.00000000e-03 2.00000000e-03
 3.00000000e-03 4.00000000e-03 2.88450975e+00]
t_control_opt: [0.00000000e+00 1.00000000e-03 2.00000000e-03 3.00000000e-03
 4.00000000e-03 2.88450975e+00 3.00000000e+00]
J_control_opt: [0.1        0.41746207 0.68590111 0.85507566 0.87450198 0.70358967
 0.5       ]
mu_control_opt: [10.          7.69135245  5.50525461  3.56042073  1.97397383  0.86108057
  0.        ]
