obj_value: 0.05301862970430325
opt_params: [0.54392749 0.92520848 1.17772157 1.23579239 1.03999343 8.08275364
 6.20707611 4.41656783 2.75238082 1.26435558 0.02754909 0.45964789
 0.96324454 1.71393891 2.5189056 ]
t_control_opt: [0.         0.02754909 0.45964789 0.96324454 1.71393891 2.5189056
 7.        ]
J_control_opt: [0.1        0.54392749 0.92520848 1.17772157 1.23579239 1.03999343
 0.5       ]
mu_control_opt: [10.          8.08275364  6.20707611  4.41656783  2.75238082  1.26435558
  0.        ]
