obj_value: 0.18845150093699828
opt_params: [4.40178522e-01 7.00853228e-01 8.01930166e-01 6.69569288e-01
 2.53082253e-01 8.27473521e+00 6.56323813e+00 4.87910827e+00
 3.23644954e+00 1.64863333e+00 3.44766025e-03 4.86355935e-03
 2.99640096e-02 8.86965427e-02 1.29049863e+00]
t_control_opt: [0.00000000e+00 3.44766025e-03 4.86355935e-03 2.99640096e-02
 8.86965427e-02 1.29049863e+00 4.00000000e+00]
J_control_opt: [0.1        0.44017852 0.70085323 0.80193017 0.66956929 0.25308225
 0.        ]
mu_control_opt: [10.          8.27473521  6.56323813  4.87910827  3.23644954  1.64863333
  0.        ]
