obj_value: 0.11714744461428506
opt_params: [3.27482044e-01 4.68477848e-01 5.59123353e-01 5.03081713e-01
 3.77548777e-01 8.70750227e+00 7.34039676e+00 5.82796192e+00
 4.11597710e+00 2.16510770e+00 1.00000000e-03 1.03471445e+00
 1.05271968e+00 2.62871569e+00 2.94283576e+00]
t_control_opt: [0.00000000e+00 1.00000000e-03 1.03471445e+00 1.05271968e+00
 2.62871569e+00 2.94283576e+00 8.00000000e+00]
J_control_opt: [0.1        0.32748204 0.46847785 0.55912335 0.50308171 0.37754878
 0.        ]
mu_control_opt: [10.          8.70750227  7.34039676  5.82796192  4.1159771   2.1651077
  0.        ]
