obj_value: 0.7796492859448405
opt_params: [6.64221639e-01 1.09711728e+00 1.26760642e+00 1.20300575e+00
 9.10565180e-01 8.52972901e+00 7.01850110e+00 5.42510832e+00
 3.71232969e+00 1.90373320e+00 1.00000000e-03 2.00000000e-03
 1.66716363e+00 1.69361805e+00 2.44710217e+00]
t_control_opt: [0.00000000e+00 1.00000000e-03 2.00000000e-03 1.66716363e+00
 1.69361805e+00 2.44710217e+00 8.00000000e+00]
J_control_opt: [0.1        0.66422164 1.09711728 1.26760642 1.20300575 0.91056518
 0.5       ]
mu_control_opt: [10.          8.52972901  7.0185011   5.42510832  3.71232969  1.9037332
  0.        ]
