obj_value: 0.41571403116651395
opt_params: [6.50230357e-01 1.07068981e+00 1.23268939e+00 1.00993233e+00
 5.82438851e-01 8.30940922e+00 6.62738468e+00 4.96152906e+00
 3.31721360e+00 1.66266479e+00 1.00000000e-03 2.00000000e-03
 1.40496855e-02 5.97681847e-01 9.99000000e-01]
t_control_opt: [0.         0.001      0.002      0.01404969 0.59768185 0.999
 1.        ]
J_control_opt: [0.1        0.65023036 1.07068981 1.23268939 1.00993233 0.58243885
 0.        ]
mu_control_opt: [10.          8.30940922  6.62738468  4.96152906  3.3172136   1.66266479
  0.        ]
