obj_value: 0.9634237895219723
opt_params: [0.38734463 0.67943955 0.89658758 0.95911319 0.78927917 8.18607049
 6.39870075 4.66681253 3.01829298 1.48160575 0.65756275 0.65856275
 0.65965406 0.68301063 2.82692531]
t_control_opt: [0.         0.65756275 0.65856275 0.65965406 0.68301063 2.82692531
 3.        ]
J_control_opt: [0.1        0.38734463 0.67943955 0.89658758 0.95911319 0.78927917
 0.5       ]
mu_control_opt: [10.          8.18607049  6.39870075  4.66681253  3.01829298  1.48160575
  0.        ]
