obj_value: 0.03628809523016306
opt_params: [5.74431244e-01 9.59324069e-01 1.18916125e+00 1.21191475e+00
 9.71364874e-01 8.24035528e+00 6.49645861e+00 4.78369823e+00
 3.12017757e+00 1.52301414e+00 1.00000000e-03 7.96116273e-01
 8.72555303e-01 1.31294229e+00 1.91665427e+00]
t_control_opt: [0.00000000e+00 1.00000000e-03 7.96116273e-01 8.72555303e-01
 1.31294229e+00 1.91665427e+00 4.00000000e+00]
J_control_opt: [0.1        0.57443124 0.95932407 1.18916125 1.21191475 0.97136487
 0.5       ]
mu_control_opt: [10.          8.24035528  6.49645861  4.78369823  3.12017757  1.52301414
  0.        ]
