obj_value: 0.007198163648587627
opt_params: [0.28982258 0.45164739 0.57446978 0.62339281 0.59694987 8.27573984
 6.56234547 4.86968846 3.20837637 1.58256273 0.0800822  1.32631179
 1.35474406 2.00135105 2.67647027]
t_control_opt: [0.         0.0800822  1.32631179 1.35474406 2.00135105 2.67647027
 5.        ]
J_control_opt: [0.1        0.28982258 0.45164739 0.57446978 0.62339281 0.59694987
 0.5       ]
mu_control_opt: [10.          8.27573984  6.56234547  4.86968846  3.20837637  1.58256273
  0.        ]
