obj_value: 0.517864738116653
opt_params: [5.14968636e-01 8.46406846e-01 1.08053325e+00 1.13461176e+00
 9.25551852e-01 8.40936377e+00 6.80516794e+00 5.16887625e+00
 3.49607775e+00 1.78141225e+00 1.00000000e-03 1.84545792e+00
 1.84833446e+00 1.84933446e+00 2.27905693e+00]
t_control_opt: [0.00000000e+00 1.00000000e-03 1.84545792e+00 1.84833446e+00
 1.84933446e+00 2.27905693e+00 9.00000000e+00]
J_control_opt: [0.1        0.51496864 0.84640685 1.08053325 1.13461176 0.92555185
 0.5       ]
mu_control_opt: [10.          8.40936377  6.80516794  5.16887625  3.49607775  1.78141225
  0.        ]
