obj_value: 0.020026838499723185
opt_params: [4.38585957e-01 7.07159184e-01 8.87179124e-01 9.06639359e-01
 7.50265955e-01 8.12493573e+00 6.29204696e+00 4.53778733e+00
 2.90175587e+00 1.39235864e+00 1.00000000e-03 1.14939589e+00
 1.15039589e+00 4.49140827e+00 6.40993930e+00]
t_control_opt: [0.00000000e+00 1.00000000e-03 1.14939589e+00 1.15039589e+00
 4.49140827e+00 6.40993930e+00 1.00000000e+01]
J_control_opt: [0.1        0.43858596 0.70715918 0.88717912 0.90663936 0.75026595
 0.5       ]
mu_control_opt: [10.          8.12493573  6.29204696  4.53778733  2.90175587  1.39235864
  0.        ]
