obj_value: 0.0315423302307651
opt_params: [5.94259230e-01 1.00714614e+00 1.25643278e+00 1.26217204e+00
 9.74358818e-01 8.30438692e+00 6.61334444e+00 4.93237736e+00
 3.26880566e+00 1.62826901e+00 1.00000000e-03 1.18226308e-02
 2.47853813e-02 3.40724995e-01 9.99000000e-01]
t_control_opt: [0.         0.001      0.01182263 0.02478538 0.34072499 0.999
 1.        ]
J_control_opt: [0.1        0.59425923 1.00714614 1.25643278 1.26217204 0.97435882
 0.5       ]
mu_control_opt: [10.          8.30438692  6.61334444  4.93237736  3.26880566  1.62826901
  0.        ]
