obj_value: 0.008211002932163624
opt_params: [5.36976294e-01 9.49519660e-01 1.31440520e+00 1.61085348e+00
 1.83149571e+00 8.35735030e+00 6.70962051e+00 5.05219187e+00
 3.38090148e+00 1.69493622e+00 1.00000000e-03 7.20488276e-02
 4.59718518e-01 6.02970021e-01 1.36249606e+00]
t_control_opt: [0.00000000e+00 1.00000000e-03 7.20488276e-02 4.59718518e-01
 6.02970021e-01 1.36249606e+00 2.00000000e+00]
J_control_opt: [0.1        0.53697629 0.94951966 1.3144052  1.61085348 1.83149571
 2.        ]
mu_control_opt: [10.          8.3573503   6.70962051  5.05219187  3.38090148  1.69493622
  0.        ]
