obj_value: 0.23500529752468977
opt_params: [4.27178987e-01 6.83072398e-01 7.96617365e-01 6.96559909e-01
 3.11308086e-01 8.13584023e+00 6.30973306e+00 4.55888054e+00
 2.92179037e+00 1.43549294e+00 1.00000000e-03 2.00000000e-03
 3.00000000e-03 4.00000000e-03 1.97849669e+00]
t_control_opt: [0.00000000e+00 1.00000000e-03 2.00000000e-03 3.00000000e-03
 4.00000000e-03 1.97849669e+00 2.00000000e+00]
J_control_opt: [0.1        0.42717899 0.6830724  0.79661736 0.69655991 0.31130809
 0.        ]
mu_control_opt: [10.          8.13584023  6.30973306  4.55888054  2.92179037  1.43549294
  0.        ]
