obj_value: 0.008083448821289516
opt_params: [0.2506694  0.38816198 0.48656613 0.53703792 0.52648873 8.28389769
 6.57668983 4.88737312 3.22394142 1.59310581 0.57542638 0.62461935
 1.85906281 2.9198367  4.22289606]
t_control_opt: [0.         0.57542638 0.62461935 1.85906281 2.9198367  4.22289606
 7.        ]
J_control_opt: [0.1        0.2506694  0.38816198 0.48656613 0.53703792 0.52648873
 0.5       ]
mu_control_opt: [10.          8.28389769  6.57668983  4.88737312  3.22394142  1.59310581
  0.        ]
