obj_value: 0.9939925076878534
opt_params: [0.30843083 0.50277439 0.67014716 0.74798538 0.67408249 8.27229954
 6.55411827 4.85693157 3.19503049 1.58323653 0.0430348  0.77917715
 0.78017715 0.80503148 2.6983282 ]
t_control_opt: [0.         0.0430348  0.77917715 0.78017715 0.80503148 2.6983282
 4.        ]
J_control_opt: [0.1        0.30843083 0.50277439 0.67014716 0.74798538 0.67408249
 0.5       ]
mu_control_opt: [10.          8.27229954  6.55411827  4.85693157  3.19503049  1.58323653
  0.        ]
