obj_value: 0.9632840000082834
opt_params: [0.36681502 0.62104508 0.78900419 0.85946033 0.76406459 8.45049648
 6.87903734 5.26438631 3.58582186 1.83822863 0.54915681 0.55015681
 1.92572728 2.0241569  2.40424278]
t_control_opt: [0.         0.54915681 0.55015681 1.92572728 2.0241569  2.40424278
 7.        ]
J_control_opt: [0.1        0.36681502 0.62104508 0.78900419 0.85946033 0.76406459
 0.5       ]
mu_control_opt: [10.          8.45049648  6.87903734  5.26438631  3.58582186  1.83822863
  0.        ]
