obj_value: 0.6504894495978157
opt_params: [6.63904153e-01 1.04913345e+00 1.07632931e+00 1.04179129e+00
 7.43737274e-01 7.73749187e+00 5.57139921e+00 3.59858001e+00
 1.90482675e+00 7.48539657e-01 1.00000000e-03 2.00000000e-03
 2.02434394e+00 2.02534394e+00 5.95721072e+00]
t_control_opt: [0.00000000e+00 1.00000000e-03 2.00000000e-03 2.02434394e+00
 2.02534394e+00 5.95721072e+00 6.00000000e+00]
J_control_opt: [0.1        0.66390415 1.04913345 1.07632931 1.04179129 0.74373727
 0.        ]
mu_control_opt: [10.          7.73749187  5.57139921  3.59858001  1.90482675  0.74853966
  0.        ]
