obj_value: 0.02661615095873826
opt_params: [5.51030997e-01 8.73338276e-01 1.03565614e+00 1.03048501e+00
 8.57485532e-01 8.18421739e+00 6.39806906e+00 4.66575127e+00
 3.00936108e+00 1.44669191e+00 1.00000000e-03 9.72391699e-01
 1.83429269e+00 4.59156470e+00 5.27884775e+00]
t_control_opt: [0.00000000e+00 1.00000000e-03 9.72391699e-01 1.83429269e+00
 4.59156470e+00 5.27884775e+00 9.00000000e+00]
J_control_opt: [0.1        0.551031   0.87333828 1.03565614 1.03048501 0.85748553
 0.5       ]
mu_control_opt: [10.          8.18421739  6.39806906  4.66575127  3.00936108  1.44669191
  0.        ]
