obj_value: 0.04673220496705878
opt_params: [0.53080247 0.88546019 1.09916162 1.11261152 0.90518778 8.00072738
 6.06340804 4.24817082 2.61544166 1.190159   0.01655056 0.78184741
 1.3351034  3.06197609 4.18562929]
t_control_opt: [ 0.          0.01655056  0.78184741  1.3351034   3.06197609  4.18562929
 10.        ]
J_control_opt: [0.1        0.53080247 0.88546019 1.09916162 1.11261152 0.90518778
 0.5       ]
mu_control_opt: [10.          8.00072738  6.06340804  4.24817082  2.61544166  1.190159
  0.        ]
