obj_value: 0.8276246585848461
opt_params: [0.3318271  0.56123211 0.77915805 0.85081015 0.74120826 8.32687933
 6.65046696 4.97202649 3.30785949 1.6599007  0.02556049 1.81450383
 1.83898294 2.39548751 2.49319397]
t_control_opt: [ 0.          0.02556049  1.81450383  1.83898294  2.39548751  2.49319397
 10.        ]
J_control_opt: [0.1        0.3318271  0.56123211 0.77915805 0.85081015 0.74120826
 0.5       ]
mu_control_opt: [10.          8.32687933  6.65046696  4.97202649  3.30785949  1.6599007
  0.        ]
