obj_value: 0.1352890940353792
opt_params: [0.35226098 0.51403673 0.49636247 0.49070154 0.17890873 7.98295012
 6.03286722 4.21673872 2.58695672 1.26398535 0.01065937 0.03099067
 1.91931535 1.92031535 4.05683626]
t_control_opt: [0.         0.01065937 0.03099067 1.91931535 1.92031535 4.05683626
 7.        ]
J_control_opt: [0.1        0.35226098 0.51403673 0.49636247 0.49070154 0.17890873
 0.        ]
mu_control_opt: [10.          7.98295012  6.03286722  4.21673872  2.58695672  1.26398535
  0.        ]
