obj_value: 0.021443194551343057
opt_params: [4.74920547e-01 7.75645499e-01 9.59796232e-01 9.93721004e-01
 8.42367024e-01 8.31447593e+00 6.63173123e+00 4.95539791e+00
 3.28808818e+00 1.63497916e+00 1.00000000e-03 3.13614533e-01
 3.37030781e-01 3.44235640e-01 1.12574332e+00]
t_control_opt: [0.00000000e+00 1.00000000e-03 3.13614533e-01 3.37030781e-01
 3.44235640e-01 1.12574332e+00 2.00000000e+00]
J_control_opt: [0.1        0.47492055 0.7756455  0.95979623 0.993721   0.84236702
 0.5       ]
mu_control_opt: [10.          8.31447593  6.63173123  4.95539791  3.28808818  1.63497916
  0.        ]
