obj_value: 1.0047545136249354
opt_params: [0.09793864 0.0934898  0.08437954 0.06759497 0.04048879 8.33269886
 6.66564069 4.99827864 3.33160855 1.66537158 0.27805773 1.11116021
 2.49996361 4.44375552 6.94100043]
t_control_opt: [ 0.          0.27805773  1.11116021  2.49996361  4.44375552  6.94100043
 10.        ]
J_control_opt: [0.1        0.09793864 0.0934898  0.08437954 0.06759497 0.04048879
 0.        ]
mu_control_opt: [10.          8.33269886  6.66564069  4.99827864  3.33160855  1.66537158
  0.        ]
