obj_value: 0.9360731729881484
opt_params: [0.32126221 0.55546238 0.73900113 0.80751182 0.69703894 7.85376919
 5.79545012 3.9144688  2.29966128 1.04055013 0.78744617 0.78844617
 0.79115514 0.82458538 3.85572898]
t_control_opt: [0.         0.78744617 0.78844617 0.79115514 0.82458538 3.85572898
 4.        ]
J_control_opt: [0.1        0.32126221 0.55546238 0.73900113 0.80751182 0.69703894
 0.5       ]
mu_control_opt: [10.          7.85376919  5.79545012  3.9144688   2.29966128  1.04055013
  0.        ]
