obj_value: 0.02343909436900021
opt_params: [0.47805025 0.78437574 0.98290348 0.99654891 0.82281541 8.21386066
 6.44996153 4.73085228 3.08382153 1.51042148 0.58990989 1.06946538
 1.07063678 2.47099828 3.22154775]
t_control_opt: [0.         0.58990989 1.06946538 1.07063678 2.47099828 3.22154775
 7.        ]
J_control_opt: [0.1        0.47805025 0.78437574 0.98290348 0.99654891 0.82281541
 0.5       ]
mu_control_opt: [10.          8.21386066  6.44996153  4.73085228  3.08382153  1.51042148
  0.        ]
