obj_value: 1.0049616168287103
opt_params: [0.10498238 0.10619249 0.09990283 0.08231452 0.04984272 8.33317532
 6.66471979 4.99820879 3.32979858 1.66477176 0.16756894 0.66673429
 1.49990225 2.66485981 4.15923016]
t_control_opt: [0.         0.16756894 0.66673429 1.49990225 2.66485981 4.15923016
 6.        ]
J_control_opt: [0.1        0.10498238 0.10619249 0.09990283 0.08231452 0.04984272
 0.        ]
mu_control_opt: [10.          8.33317532  6.66471979  4.99820879  3.32979858  1.66477176
  0.        ]
