obj_value: 1.0061231505800527
opt_params: [0.12841788 0.1475749  0.149863   0.12920571 0.08068018 8.3329433
 6.66311758 4.99663153 3.32971849 1.6633982  0.04313073 0.08537621
 0.14359432 0.22363312 0.5243498 ]
t_control_opt: [0.         0.04313073 0.08537621 0.14359432 0.22363312 0.5243498
 1.        ]
J_control_opt: [0.1        0.12841788 0.1475749  0.149863   0.12920571 0.08068018
 0.        ]
mu_control_opt: [10.          8.3329433   6.66311758  4.99663153  3.32971849  1.6633982
  0.        ]
