obj_value: 0.9893177501366582
opt_params: [5.61948217e-01 9.39001846e-01 1.14652511e+00 1.10165278e+00
 8.52992082e-01 8.34639855e+00 6.68984733e+00 5.02921373e+00
 3.36240035e+00 1.68266501e+00 2.73899187e-03 7.76809283e-03
 1.22234192e-02 9.19914384e-01 9.20914384e-01]
t_control_opt: [0.         0.00273899 0.00776809 0.01222342 0.91991438 0.92091438
 1.        ]
J_control_opt: [0.1        0.56194822 0.93900185 1.14652511 1.10165278 0.85299208
 0.5       ]
mu_control_opt: [10.          8.34639855  6.68984733  5.02921373  3.36240035  1.68266501
  0.        ]
