obj_value: 0.1833577092502774
opt_params: [1.19124156e+00 2.07944287e+00 2.54900644e+00 2.45663080e+00
 1.69192552e+00 8.45237075e+00 6.86369051e+00 5.18509419e+00
 3.44996454e+00 1.72788777e+00 4.44551202e-03 9.98325561e-03
 4.58991749e-01 4.59991749e-01 9.99000000e-01]
t_control_opt: [0.         0.00444551 0.00998326 0.45899175 0.45999175 0.999
 1.        ]
J_control_opt: [0.1        1.19124156 2.07944287 2.54900644 2.4566308  1.69192552
 0.5       ]
mu_control_opt: [10.          8.45237075  6.86369051  5.18509419  3.44996454  1.72788777
  0.        ]
