obj_value: 1.005915862524567
opt_params: [0.13078199 0.15345612 0.15982612 0.14162704 0.09135632 8.32874916
 6.65816504 4.98972611 3.32376747 1.6596592  0.22352348 0.88892273
 1.99991903 3.55390908 5.5279929 ]
t_control_opt: [0.         0.22352348 0.88892273 1.99991903 3.55390908 5.5279929
 8.        ]
J_control_opt: [0.1        0.13078199 0.15345612 0.15982612 0.14162704 0.09135632
 0.        ]
mu_control_opt: [10.          8.32874916  6.65816504  4.98972611  3.32376747  1.6596592
  0.        ]
