obj_value: 0.08787032629765507
opt_params: [2.93448415e-01 3.88314302e-01 4.14336562e-01 4.29272402e-01
 3.04296878e-01 8.57179163e+00 7.09564031e+00 5.52208346e+00
 3.82010524e+00 1.98603119e+00 1.00020795e-03 1.23211306e+00
 3.31947262e+00 3.32047262e+00 4.12725520e+00]
t_control_opt: [0.00000000e+00 1.00020795e-03 1.23211306e+00 3.31947262e+00
 3.32047262e+00 4.12725520e+00 1.00000000e+01]
J_control_opt: [0.1        0.29344841 0.3883143  0.41433656 0.4292724  0.30429688
 0.        ]
mu_control_opt: [10.          8.57179163  7.09564031  5.52208346  3.82010524  1.98603119
  0.        ]
