obj_value: 0.6726092625887955
opt_params: [0.5217018  0.7885082  0.91208875 0.90985153 0.81073998 8.50963529
 6.95864993 5.31514883 3.5957797  1.81728609 0.00950283 1.99649909
 1.99842363 2.12485682 3.0469704 ]
t_control_opt: [0.00000000e+00 9.50282734e-03 1.99649909e+00 1.99842363e+00
 2.12485682e+00 3.04697040e+00 1.00000000e+01]
J_control_opt: [0.1        0.5217018  0.7885082  0.91208875 0.90985153 0.81073998
 0.5       ]
mu_control_opt: [10.          8.50963529  6.95864993  5.31514883  3.5957797   1.81728609
  0.        ]
