obj_value: 1.0012208997142138
opt_params: [5.09613949e-01 8.35438519e-01 9.93234623e-01 8.98451933e-01
 5.38904915e-01 8.26254562e+00 6.53894129e+00 4.84232580e+00
 3.18506948e+00 1.57342571e+00 1.00000000e-03 2.00000000e-03
 3.00000000e-03 4.73141561e-01 6.19408915e-01]
t_control_opt: [0.         0.001      0.002      0.003      0.47314156 0.61940891
 1.        ]
J_control_opt: [0.1        0.50961395 0.83543852 0.99323462 0.89845193 0.53890492
 0.        ]
mu_control_opt: [10.          8.26254562  6.53894129  4.8423258   3.18506948  1.57342571
  0.        ]
