obj_value: 1.0047921767310901
opt_params: [0.09895479 0.09542153 0.08692597 0.07014472 0.04227708 8.33266482
 6.66555769 4.99814594 3.33146255 1.66526201 0.25093286 1.00006565
 2.249955   3.99914319 6.24578402]
t_control_opt: [0.         0.25093286 1.00006565 2.249955   3.99914319 6.24578402
 9.        ]
J_control_opt: [0.1        0.09895479 0.09542153 0.08692597 0.07014472 0.04227708
 0.        ]
mu_control_opt: [10.          8.33266482  6.66555769  4.99814594  3.33146255  1.66526201
  0.        ]
