obj_value: 0.07445190674427553
opt_params: [7.41939479e-01 1.27620277e+00 1.60070422e+00 1.61945878e+00
 1.25177831e+00 8.20121853e+00 6.42423276e+00 4.69240360e+00
 3.03064234e+00 1.46506316e+00 1.00000000e-03 3.17523660e-01
 5.06521966e-01 6.95499091e-01 1.54367812e+00]
t_control_opt: [0.00000000e+00 1.00000000e-03 3.17523660e-01 5.06521966e-01
 6.95499091e-01 1.54367812e+00 4.00000000e+00]
J_control_opt: [0.1        0.74193948 1.27620277 1.60070422 1.61945878 1.25177831
 0.5       ]
mu_control_opt: [10.          8.20121853  6.42423276  4.6924036   3.03064234  1.46506316
  0.        ]
