obj_value: 0.05385589490579651
opt_params: [0.61182004 1.05128278 1.33837791 1.38951529 1.13899176 8.20797929
 6.43262861 4.69523116 3.01854839 1.4375995  0.01282809 0.59138054
 0.91640386 2.77297015 3.38788381]
t_control_opt: [0.         0.01282809 0.59138054 0.91640386 2.77297015 3.38788381
 8.        ]
J_control_opt: [0.1        0.61182004 1.05128278 1.33837791 1.38951529 1.13899176
 0.5       ]
mu_control_opt: [10.          8.20797929  6.43262861  4.69523116  3.01854839  1.4375995
  0.        ]
