obj_value: 0.057226711433455486
opt_params: [0.54991662 0.93404891 1.18900447 1.25230068 1.0454338  8.05337135
 6.15503219 4.35420957 2.69808512 1.23265338 0.17674317 0.5033854
 0.7951409  1.22419107 2.06111396]
t_control_opt: [0.         0.17674317 0.5033854  0.7951409  1.22419107 2.06111396
 6.        ]
J_control_opt: [0.1        0.54991662 0.93404891 1.18900447 1.25230068 1.0454338
 0.5       ]
mu_control_opt: [10.          8.05337135  6.15503219  4.35420957  2.69808512  1.23265338
  0.        ]
