obj_value: 0.047369793571957725
opt_params: [0.54201819 0.91576298 1.14946939 1.17387291 0.96216185 8.04966848
 6.15049142 4.35343276 2.71075133 1.24829077 0.51525694 0.75629143
 1.17991363 2.69412613 3.78416681]
t_control_opt: [0.         0.51525694 0.75629143 1.17991363 2.69412613 3.78416681
 9.        ]
J_control_opt: [0.1        0.54201819 0.91576298 1.14946939 1.17387291 0.96216185
 0.5       ]
mu_control_opt: [10.          8.04966848  6.15049142  4.35343276  2.71075133  1.24829077
  0.        ]
