obj_value: 0.9796136449172915
opt_params: [0.43349806 0.70357858 0.85811198 0.91464595 0.78012637 8.2275031
 6.4773552  4.76743042 3.11108497 1.53620837 0.13921032 0.14032865
 1.7265156  1.73340795 3.36818747]
t_control_opt: [0.         0.13921032 0.14032865 1.7265156  1.73340795 3.36818747
 6.        ]
J_control_opt: [0.1        0.43349806 0.70357858 0.85811198 0.91464595 0.78012637
 0.5       ]
mu_control_opt: [10.          8.2275031   6.4773552   4.76743042  3.11108497  1.53620837
  0.        ]
