obj_value: 1.0048370593445013
opt_params: [0.10009717 0.09764861 0.08990317 0.0731495  0.04437834 8.33264783
 6.66546174 4.99799638 3.33126705 1.66511793 0.22316676 0.88891264
 1.99994354 3.55449976 5.55074335]
t_control_opt: [0.         0.22316676 0.88891264 1.99994354 3.55449976 5.55074335
 8.        ]
J_control_opt: [0.1        0.10009717 0.09764861 0.08990317 0.0731495  0.04437834
 0.        ]
mu_control_opt: [10.          8.33264783  6.66546174  4.99799638  3.33126705  1.66511793
  0.        ]
