obj_value: 1.0055128758030072
opt_params: [0.11579903 0.12583786 0.12451006 0.10646756 0.06634719 8.32907564
 6.65938122 4.99099954 3.32528453 1.6618348  0.15140214 0.24377357
 0.48110346 0.65025052 1.12347764]
t_control_opt: [0.         0.15140214 0.24377357 0.48110346 0.65025052 1.12347764
 2.        ]
J_control_opt: [0.1        0.11579903 0.12583786 0.12451006 0.10646756 0.06634719
 0.        ]
mu_control_opt: [10.          8.32907564  6.65938122  4.99099954  3.32528453  1.6618348
  0.        ]
