obj_value: 0.966314372760579
opt_params: [0.58724025 0.98984305 1.2144572  1.16740192 0.75570172 8.09959881
 6.23996244 4.4626415  2.8110625  1.32841109 0.2831071  0.28523454
 0.29934597 0.31651053 1.20536772]
t_control_opt: [0.         0.2831071  0.28523454 0.29934597 0.31651053 1.20536772
 2.        ]
J_control_opt: [0.1        0.58724025 0.98984305 1.2144572  1.16740192 0.75570172
 0.        ]
mu_control_opt: [10.          8.09959881  6.23996244  4.4626415   2.8110625   1.32841109
  0.        ]
