obj_value: 1.0053456646346732
opt_params: [0.11326539 0.12110589 0.11872625 0.10103647 0.06347907 8.33130709
 6.66345191 4.99597333 3.32947176 1.66426662 0.08862791 0.33385963
 0.74953354 1.3253849  2.06101453]
t_control_opt: [0.         0.08862791 0.33385963 0.74953354 1.3253849  2.06101453
 3.        ]
J_control_opt: [0.1        0.11326539 0.12110589 0.11872625 0.10103647 0.06347907
 0.        ]
mu_control_opt: [10.          8.33130709  6.66345191  4.99597333  3.32947176  1.66426662
  0.        ]
