obj_value: 0.8682266075820041
opt_params: [0.33206342 0.55349616 0.73081267 0.81132801 0.73681859 8.39700303
 6.77118794 5.11145596 3.42713626 1.72374995 0.01083656 1.7572511
 1.75836701 1.76085416 2.25715835]
t_control_opt: [0.         0.01083656 1.7572511  1.75836701 1.76085416 2.25715835
 9.        ]
J_control_opt: [0.1        0.33206342 0.55349616 0.73081267 0.81132801 0.73681859
 0.5       ]
mu_control_opt: [10.          8.39700303  6.77118794  5.11145596  3.42713626  1.72374995
  0.        ]
