obj_value: 0.8247450885983039
opt_params: [6.08229299e-01 1.01534361e+00 1.22046508e+00 1.12419542e+00
 7.61298723e-01 7.61947474e+00 5.37101929e+00 3.38628106e+00
 1.79689371e+00 7.07489858e-01 1.00000000e-03 2.00000000e-03
 3.00000000e-03 1.29561783e+00 2.97580938e+00]
t_control_opt: [0.00000000e+00 1.00000000e-03 2.00000000e-03 3.00000000e-03
 1.29561783e+00 2.97580938e+00 3.00000000e+00]
J_control_opt: [0.1        0.6082293  1.01534361 1.22046508 1.12419542 0.76129872
 0.        ]
mu_control_opt: [10.          7.61947474  5.37101929  3.38628106  1.79689371  0.70748986
  0.        ]
