obj_value: 0.07309107176208733
opt_params: [1.06148418e+00 1.88741218e+00 2.44223020e+00 2.63598046e+00
 2.43678157e+00 8.53106508e+00 7.01554120e+00 5.40638709e+00
 3.69474238e+00 1.89391680e+00 2.57728235e-03 9.97682230e-03
 4.58928824e-01 4.59928824e-01 9.99000000e-01]
t_control_opt: [0.         0.00257728 0.00997682 0.45892882 0.45992882 0.999
 1.        ]
J_control_opt: [0.1        1.06148418 1.88741218 2.4422302  2.63598046 2.43678157
 2.        ]
mu_control_opt: [10.          8.53106508  7.0155412   5.40638709  3.69474238  1.8939168
  0.        ]
