obj_value: 0.0007842974714918115
opt_params: [0.20776167 0.30879811 0.39795894 0.46487924 0.4954173  8.32149167
 6.64566342 4.97417352 3.3090009  1.65182037 0.11676418 2.13449805
 2.25308684 2.47203499 4.50898945]
t_control_opt: [0.         0.11676418 2.13449805 2.25308684 2.47203499 4.50898945
 9.        ]
J_control_opt: [0.1        0.20776167 0.30879811 0.39795894 0.46487924 0.4954173
 0.5       ]
mu_control_opt: [10.          8.32149167  6.64566342  4.97417352  3.3090009   1.65182037
  0.        ]
