obj_value: 1.0060719709789487
opt_params: [0.134007   0.15927973 0.16704184 0.14856056 0.09586414 8.3283362
 6.65729165 4.98865257 3.32271877 1.65890603 0.19575128 0.77783721
 1.74989377 3.10894882 4.82681466]
t_control_opt: [0.         0.19575128 0.77783721 1.74989377 3.10894882 4.82681466
 7.        ]
J_control_opt: [0.1        0.134007   0.15927973 0.16704184 0.14856056 0.09586414
 0.        ]
mu_control_opt: [10.          8.3283362   6.65729165  4.98865257  3.32271877  1.65890603
  0.        ]
