obj_value: 0.2168962984669873
opt_params: [4.22221865e-01 6.35245836e-01 7.92544148e-01 7.18366935e-01
 2.89492504e-01 8.27188269e+00 6.54655321e+00 4.83470843e+00
 3.17974352e+00 1.61678381e+00 1.00000000e-03 1.25918208e+00
 1.26018208e+00 1.42966430e+00 2.35393261e+00]
t_control_opt: [0.00000000e+00 1.00000000e-03 1.25918208e+00 1.26018208e+00
 1.42966430e+00 2.35393261e+00 5.00000000e+00]
J_control_opt: [0.1        0.42222186 0.63524584 0.79254415 0.71836694 0.2894925
 0.        ]
mu_control_opt: [10.          8.27188269  6.54655321  4.83470843  3.17974352  1.61678381
  0.        ]
