obj_value: 0.03585938198011615
opt_params: [0.42118111 0.6920641  0.85300424 0.88725451 0.80741506 8.06927278
 6.18304466 4.38950887 2.73995043 1.26500106 0.23692749 1.11156726
 2.25881468 3.83074718 4.49184798]
t_control_opt: [0.         0.23692749 1.11156726 2.25881468 3.83074718 4.49184798
 8.        ]
J_control_opt: [0.1        0.42118111 0.6920641  0.85300424 0.88725451 0.80741506
 0.5       ]
mu_control_opt: [10.          8.06927278  6.18304466  4.38950887  2.73995043  1.26500106
  0.        ]
