obj_value: 0.10804679272533657
opt_params: [0.33311299 0.65183406 0.79209383 0.74302793 0.23313345 8.24263226
 6.45828278 4.62462676 2.84187409 1.33364033 0.73899975 0.73999975
 2.0791488  2.08015658 3.57176386]
t_control_opt: [0.         0.73899975 0.73999975 2.0791488  2.08015658 3.57176386
 7.        ]
J_control_opt: [0.1        0.33311299 0.65183406 0.79209383 0.74302793 0.23313345
 0.        ]
mu_control_opt: [10.          8.24263226  6.45828278  4.62462676  2.84187409  1.33364033
  0.        ]
