obj_value: 0.8591533666323508
opt_params: [0.7355403  1.29845412 1.53282354 1.4888832  0.98324303 8.21596649
 6.46010203 4.74719544 3.04885502 1.44849224 0.33862665 0.33962665
 1.4089976  1.4099976  2.97408463]
t_control_opt: [0.         0.33862665 0.33962665 1.4089976  1.4099976  2.97408463
 5.        ]
J_control_opt: [0.1        0.7355403  1.29845412 1.53282354 1.4888832  0.98324303
 0.        ]
mu_control_opt: [10.          8.21596649  6.46010203  4.74719544  3.04885502  1.44849224
  0.        ]
