obj_value: 0.007999092643061062
opt_params: [0.29916386 0.48820929 0.63645654 0.690744   0.64627959 8.2776083
 6.56468904 4.87327332 3.21498877 1.58955163 0.13289603 0.58951383
 0.59051383 1.25505904 1.84728467]
t_control_opt: [0.         0.13289603 0.58951383 0.59051383 1.25505904 1.84728467
 4.        ]
J_control_opt: [0.1        0.29916386 0.48820929 0.63645654 0.690744   0.64627959
 0.5       ]
mu_control_opt: [10.          8.2776083   6.56468904  4.87327332  3.21498877  1.58955163
  0.        ]
