obj_value: 0.2526224885117532
opt_params: [3.10283413e-01 4.70690655e-01 5.32154298e-01 4.44228866e-01
 1.57983431e-01 7.91922258e+00 5.91610013e+00 4.06769457e+00
 2.45061790e+00 1.14098358e+00 1.00000000e-03 2.00000000e-03
 3.00000000e-03 4.00000000e-03 2.98595897e+00]
t_control_opt: [0.00000000e+00 1.00000000e-03 2.00000000e-03 3.00000000e-03
 4.00000000e-03 2.98595897e+00 3.00000000e+00]
J_control_opt: [0.1        0.31028341 0.47069065 0.5321543  0.44422887 0.15798343
 0.        ]
mu_control_opt: [10.          7.91922258  5.91610013  4.06769457  2.4506179   1.14098358
  0.        ]
