obj_value: 0.7395263554688609
opt_params: [6.07380976e-01 9.32130937e-01 1.07477156e+00 1.04348809e+00
 8.48073678e-01 8.50394222e+00 6.94674946e+00 5.29795979e+00
 3.57655992e+00 1.80196528e+00 1.00000000e-03 2.10863117e+00
 2.10963117e+00 2.11063117e+00 3.21319867e+00]
t_control_opt: [0.00000000e+00 1.00000000e-03 2.10863117e+00 2.10963117e+00
 2.11063117e+00 3.21319867e+00 9.00000000e+00]
J_control_opt: [0.1        0.60738098 0.93213094 1.07477156 1.04348809 0.84807368
 0.5       ]
mu_control_opt: [10.          8.50394222  6.94674946  5.29795979  3.57655992  1.80196528
  0.        ]
