obj_value: 0.06690336499606866
opt_params: [7.95142475e-01 1.36346402e+00 1.68299085e+00 1.66737247e+00
 1.25194726e+00 8.23088846e+00 6.47507321e+00 4.74573761e+00
 3.06879802e+00 1.49042293e+00 1.00000000e-03 1.65416331e-02
 4.59611313e-01 4.60611313e-01 1.15635729e+00]
t_control_opt: [0.00000000e+00 1.00000000e-03 1.65416331e-02 4.59611313e-01
 4.60611313e-01 1.15635729e+00 2.00000000e+00]
J_control_opt: [0.1        0.79514247 1.36346402 1.68299085 1.66737247 1.25194726
 0.5       ]
mu_control_opt: [10.          8.23088846  6.47507321  4.74573761  3.06879802  1.49042293
  0.        ]
