obj_value: 0.6706440423380482
opt_params: [4.21157931e-01 7.05638626e-01 9.70618816e-01 1.02544275e+00
 6.70360843e-01 7.51517815e+00 5.21985948e+00 3.25515743e+00
 1.73256766e+00 7.61119978e-01 1.00000000e-03 2.45744026e+00
 2.49546620e+00 2.50154116e+00 6.31004895e+00]
t_control_opt: [0.00000000e+00 1.00000000e-03 2.45744026e+00 2.49546620e+00
 2.50154116e+00 6.31004895e+00 8.00000000e+00]
J_control_opt: [0.1        0.42115793 0.70563863 0.97061882 1.02544275 0.67036084
 0.        ]
mu_control_opt: [10.          7.51517815  5.21985948  3.25515743  1.73256766  0.76111998
  0.        ]
