obj_value: 1.005680598261695
opt_params: [0.1261599  0.14492536 0.14899228 0.13097795 0.0842114  8.32924671
 6.65945418 4.9913442  3.32524532 1.6609361  0.27815431 1.11117748
 2.49994986 4.4434171  6.92572842]
t_control_opt: [ 0.          0.27815431  1.11117748  2.49994986  4.4434171   6.92572842
 10.        ]
J_control_opt: [0.1        0.1261599  0.14492536 0.14899228 0.13097795 0.0842114
 0.        ]
mu_control_opt: [10.          8.32924671  6.65945418  4.9913442   3.32524532  1.6609361
  0.        ]
