obj_value: 0.9376205406638584
opt_params: [5.20578737e-01 8.51295453e-01 1.00453546e+00 1.03945068e+00
 8.55240688e-01 8.28948839e+00 6.57706659e+00 4.85918224e+00
 3.15427895e+00 1.54487211e+00 1.00000000e-03 1.41876565e-02
 1.49954337e+00 1.50054337e+00 3.32677623e+00]
t_control_opt: [0.00000000e+00 1.00000000e-03 1.41876565e-02 1.49954337e+00
 1.50054337e+00 3.32677623e+00 5.00000000e+00]
J_control_opt: [0.1        0.52057874 0.85129545 1.00453546 1.03945068 0.85524069
 0.5       ]
mu_control_opt: [10.          8.28948839  6.57706659  4.85918224  3.15427895  1.54487211
  0.        ]
