obj_value: 1.0057768931861994
opt_params: [0.12597638 0.14485276 0.14904445 0.13113202 0.08368023 8.33058871
 6.66149401 4.99345067 3.3267194  1.66196605 0.22126884 0.67563042
 1.48810451 1.78256555 2.91575993]
t_control_opt: [0.         0.22126884 0.67563042 1.48810451 1.78256555 2.91575993
 6.        ]
J_control_opt: [0.1        0.12597638 0.14485276 0.14904445 0.13113202 0.08368023
 0.        ]
mu_control_opt: [10.          8.33058871  6.66149401  4.99345067  3.3267194   1.66196605
  0.        ]
