obj_value: 1.0107735597899676
opt_params: [0.19084385 0.26284129 0.29758877 0.27715772 0.18384107 8.32711452
 6.6538884  4.98153851 3.31296601 1.65160569 0.05120696 0.11807141
 0.23307909 0.35086249 0.67705757]
t_control_opt: [0.         0.05120696 0.11807141 0.23307909 0.35086249 0.67705757
 1.        ]
J_control_opt: [0.1        0.19084385 0.26284129 0.29758877 0.27715772 0.18384107
 0.        ]
mu_control_opt: [10.          8.32711452  6.6538884   4.98153851  3.31296601  1.65160569
  0.        ]
