obj_value: 0.09348504803804417
opt_params: [8.74827732e-01 1.51043110e+00 1.87605408e+00 1.85732531e+00
 1.37105416e+00 8.11899886e+00 6.27413833e+00 4.50345524e+00
 2.84899055e+00 1.35651529e+00 1.00000000e-03 2.69520395e-01
 5.19944974e-01 7.24392560e-01 1.83294831e+00]
t_control_opt: [0.00000000e+00 1.00000000e-03 2.69520395e-01 5.19944974e-01
 7.24392560e-01 1.83294831e+00 3.00000000e+00]
J_control_opt: [0.1        0.87482773 1.5104311  1.87605408 1.85732531 1.37105416
 0.5       ]
mu_control_opt: [10.          8.11899886  6.27413833  4.50345524  2.84899055  1.35651529
  0.        ]
