obj_value: 0.1818312823354757
opt_params: [3.67428476e-01 5.56778068e-01 5.92871798e-01 6.12535744e-01
 2.63813763e-01 8.21721461e+00 6.45147239e+00 4.72197085e+00
 3.05090770e+00 1.53072159e+00 2.54164342e-03 2.17681305e-02
 1.76923715e+00 1.77023715e+00 3.05397288e+00]
t_control_opt: [0.00000000e+00 2.54164342e-03 2.17681305e-02 1.76923715e+00
 1.77023715e+00 3.05397288e+00 6.00000000e+00]
J_control_opt: [0.1        0.36742848 0.55677807 0.5928718  0.61253574 0.26381376
 0.        ]
mu_control_opt: [10.          8.21721461  6.45147239  4.72197085  3.0509077   1.53072159
  0.        ]
