obj_value: 0.6318420664364481
opt_params: [0.62548579 1.13716388 1.35407055 1.29612342 0.99025959 8.43852745
 6.85468206 5.23866837 3.55945638 1.81641363 0.67900265 0.68000265
 1.89400978 1.89500978 1.96125229]
t_control_opt: [0.         0.67900265 0.68000265 1.89400978 1.89500978 1.96125229
 8.        ]
J_control_opt: [0.1        0.62548579 1.13716388 1.35407055 1.29612342 0.99025959
 0.5       ]
mu_control_opt: [10.          8.43852745  6.85468206  5.23866837  3.55945638  1.81641363
  0.        ]
