obj_value: 0.007097444375556081
opt_params: [0.33870488 0.54574313 0.69129144 0.74809484 0.69762453 8.32251639
 6.64710367 4.97453431 3.30660313 1.64665682 0.00925887 0.02465487
 0.07451613 0.80198001 0.90591915]
t_control_opt: [0.         0.00925887 0.02465487 0.07451613 0.80198001 0.90591915
 3.        ]
J_control_opt: [0.1        0.33870488 0.54574313 0.69129144 0.74809484 0.69762453
 0.5       ]
mu_control_opt: [10.          8.32251639  6.64710367  4.97453431  3.30660313  1.64665682
  0.        ]
