obj_value: 0.9752067065115331
opt_params: [4.76319588e-01 7.93611406e-01 9.92859505e-01 1.01622495e+00
 8.14023263e-01 8.33078567e+00 6.66251154e+00 4.99674786e+00
 3.33417097e+00 1.67662423e+00 6.81768692e-03 7.81768692e-03
 1.16290628e-02 6.29344586e-02 1.86669420e+00]
t_control_opt: [0.         0.00681769 0.00781769 0.01162906 0.06293446 1.8666942
 2.        ]
J_control_opt: [0.1        0.47631959 0.79361141 0.99285951 1.01622495 0.81402326
 0.5       ]
mu_control_opt: [10.          8.33078567  6.66251154  4.99674786  3.33417097  1.67662423
  0.        ]
