obj_value: 1.0048945078109808
opt_params: [0.10230388 0.10202113 0.09585847 0.07901393 0.04815354 8.33319869
 6.66483364 4.99843807 3.33012237 1.66501768 0.19537958 0.77781866
 1.74992783 3.10977752 4.85538854]
t_control_opt: [0.         0.19537958 0.77781866 1.74992783 3.10977752 4.85538854
 7.        ]
J_control_opt: [0.1        0.10230388 0.10202113 0.09585847 0.07901393 0.04815354
 0.        ]
mu_control_opt: [10.          8.33319869  6.66483364  4.99843807  3.33012237  1.66501768
  0.        ]
