obj_value: 0.07592936141171101
opt_params: [0.67606805 1.18890706 1.52950382 1.57909031 1.23653587 8.26601138
 6.53557466 4.82610531 3.15785763 1.55227225 0.05862271 0.84243176
 1.26152828 1.54025439 2.37389799]
t_control_opt: [0.         0.05862271 0.84243176 1.26152828 1.54025439 2.37389799
 5.        ]
J_control_opt: [0.1        0.67606805 1.18890706 1.52950382 1.57909031 1.23653587
 0.5       ]
mu_control_opt: [10.          8.26601138  6.53557466  4.82610531  3.15785763  1.55227225
  0.        ]
