obj_value: 1.0004447805020784
opt_params: [0.18261177 0.2682004  0.35002477 0.41718098 0.4646952  8.32984666
 6.66114082 4.99255894 3.32751105 1.6632222  0.11858771 0.54311403
 0.58175002 0.99027725 1.81349836]
t_control_opt: [0.         0.11858771 0.54311403 0.58175002 0.99027725 1.81349836
 3.        ]
J_control_opt: [0.1        0.18261177 0.2682004  0.35002477 0.41718098 0.4646952
 0.5       ]
mu_control_opt: [10.          8.32984666  6.66114082  4.99255894  3.32751105  1.6632222
  0.        ]
