obj_value: 1.005048206493481
opt_params: [0.1057007  0.10740122 0.10169776 0.08467243 0.05244885 8.33213757
 6.66460249 4.99706137 3.33090821 1.66458829 0.13975838 0.55567776
 1.24984571 2.21945341 3.46216069]
t_control_opt: [0.         0.13975838 0.55567776 1.24984571 2.21945341 3.46216069
 5.        ]
J_control_opt: [0.1        0.1057007  0.10740122 0.10169776 0.08467243 0.05244885
 0.        ]
mu_control_opt: [10.          8.33213757  6.66460249  4.99706137  3.33090821  1.66458829
  0.        ]
