obj_value: 1.0015187308440954
opt_params: [0.17834704 0.25442668 0.32632353 0.39202527 0.45000323 8.33352801
 6.66693302 5.00068993 3.3339869  1.66731737 0.02185711 0.05321084
 0.1032343  0.18515415 0.48099472]
t_control_opt: [0.         0.02185711 0.05321084 0.1032343  0.18515415 0.48099472
 1.        ]
J_control_opt: [0.1        0.17834704 0.25442668 0.32632353 0.39202527 0.45000323
 0.5       ]
mu_control_opt: [10.          8.33352801  6.66693302  5.00068993  3.3339869   1.66731737
  0.        ]
