obj_value: 0.41894971850826523
opt_params: [6.02080717e-01 9.32957976e-01 1.09663979e+00 1.07862548e+00
 8.78765649e-01 8.47220027e+00 6.88389508e+00 5.21390927e+00
 3.48883837e+00 1.73894539e+00 1.62756994e-03 1.75888122e+00
 1.75988122e+00 1.81859845e+00 2.13932362e+00]
t_control_opt: [0.00000000e+00 1.62756994e-03 1.75888122e+00 1.75988122e+00
 1.81859845e+00 2.13932362e+00 1.00000000e+01]
J_control_opt: [0.1        0.60208072 0.93295798 1.09663979 1.07862548 0.87876565
 0.5       ]
mu_control_opt: [10.          8.47220027  6.88389508  5.21390927  3.48883837  1.73894539
  0.        ]
