obj_value: 0.03232793628817493
opt_params: [5.27830814e-01 8.48153251e-01 1.01782924e+00 1.02958907e+00
 8.77651980e-01 8.13928947e+00 6.31496521e+00 4.56010970e+00
 2.90171035e+00 1.36984005e+00 1.00000000e-03 8.70634839e-01
 1.87245725e+00 2.25097008e+00 2.92168256e+00]
t_control_opt: [0.00000000e+00 1.00000000e-03 8.70634839e-01 1.87245725e+00
 2.25097008e+00 2.92168256e+00 6.00000000e+00]
J_control_opt: [0.1        0.52783081 0.84815325 1.01782924 1.02958907 0.87765198
 0.5       ]
mu_control_opt: [10.          8.13928947  6.31496521  4.5601097   2.90171035  1.36984005
  0.        ]
