obj_value: 0.00753666030077381
opt_params: [0.25876696 0.37995519 0.4598724  0.50385039 0.50094861 8.27696926
 6.56568292 4.87580331 3.21412589 1.58681215 0.05545096 0.94808699
 1.93304189 3.6090473  5.17792681]
t_control_opt: [0.         0.05545096 0.94808699 1.93304189 3.6090473  5.17792681
 8.        ]
J_control_opt: [0.1        0.25876696 0.37995519 0.4598724  0.50385039 0.50094861
 0.5       ]
mu_control_opt: [10.          8.27696926  6.56568292  4.87580331  3.21412589  1.58681215
  0.        ]
