obj_value: 0.11820440447836886
opt_params: [0.46860195 0.81102784 0.88006607 0.78393581 0.24576711 8.01791947
 6.10784476 4.33563549 2.71937237 1.3506349  0.40819098 0.40919098
 1.88902507 1.89002507 3.19928554]
t_control_opt: [0.         0.40819098 0.40919098 1.88902507 1.89002507 3.19928554
 6.        ]
J_control_opt: [0.1        0.46860195 0.81102784 0.88006607 0.78393581 0.24576711
 0.        ]
mu_control_opt: [10.          8.01791947  6.10784476  4.33563549  2.71937237  1.3506349
  0.        ]
