obj_value: 0.5218805422900398
opt_params: [5.37030018e-01 8.76223384e-01 1.01996119e+00 8.76969007e-01
 5.14511239e-01 8.34664287e+00 6.69142316e+00 5.03224291e+00
 3.36673910e+00 1.68855428e+00 1.00000000e-03 2.00000000e-03
 2.09961589e-02 3.38450363e-01 9.99000000e-01]
t_control_opt: [0.00000000e+00 1.00000000e-03 2.00000000e-03 2.09961589e-02
 3.38450363e-01 9.99000000e-01 1.00000000e+00]
J_control_opt: [0.1        0.53703002 0.87622338 1.01996119 0.87696901 0.51451124
 0.        ]
mu_control_opt: [10.          8.34664287  6.69142316  5.03224291  3.3667391   1.68855428
  0.        ]
