obj_value: 0.7381391059500688
opt_params: [0.56109783 0.90515094 1.15232372 1.16080229 0.94354771 8.49540409
 6.91268028 5.22361315 3.47939922 1.7230334  0.00996207 1.54880944
 1.54980944 2.03013202 2.21416019]
t_control_opt: [0.         0.00996207 1.54880944 1.54980944 2.03013202 2.21416019
 7.        ]
J_control_opt: [0.1        0.56109783 0.90515094 1.15232372 1.16080229 0.94354771
 0.5       ]
mu_control_opt: [10.          8.49540409  6.91268028  5.22361315  3.47939922  1.7230334
  0.        ]
