obj_value: 0.15821506510530037
opt_params: [0.36472899 0.70319667 0.92836107 0.85194756 0.34229264 8.2684435
 6.54601559 4.85432532 3.21550171 1.64595107 0.86404813 0.86504813
 0.87045376 0.99009327 2.00172567]
t_control_opt: [0.         0.86404813 0.86504813 0.87045376 0.99009327 2.00172567
 4.        ]
J_control_opt: [0.1        0.36472899 0.70319667 0.92836107 0.85194756 0.34229264
 0.        ]
mu_control_opt: [10.          8.2684435   6.54601559  4.85432532  3.21550171  1.64595107
  0.        ]
