obj_value: 0.03151155164510669
opt_params: [0.53429101 0.90144996 1.1153152  1.13118354 0.93119871 8.23642696
 6.49097125 4.78127582 3.12029724 1.52312553 0.43930591 0.44030591
 1.36543492 1.60825315 2.47139342]
t_control_opt: [0.         0.43930591 0.44030591 1.36543492 1.60825315 2.47139342
 5.        ]
J_control_opt: [0.1        0.53429101 0.90144996 1.1153152  1.13118354 0.93119871
 0.5       ]
mu_control_opt: [10.          8.23642696  6.49097125  4.78127582  3.12029724  1.52312553
  0.        ]
