obj_value: 0.9041433343603571
opt_params: [0.58714057 0.98145327 1.15811616 1.13537314 0.89258353 8.46456721
 6.91173008 5.31960416 3.65586011 1.89916161 0.26697716 0.26797716
 1.79754906 1.80027167 2.1443925 ]
t_control_opt: [0.         0.26697716 0.26797716 1.79754906 1.80027167 2.1443925
 6.        ]
J_control_opt: [0.1        0.58714057 0.98145327 1.15811616 1.13537314 0.89258353
 0.5       ]
mu_control_opt: [10.          8.46456721  6.91173008  5.31960416  3.65586011  1.89916161
  0.        ]
