obj_value: 0.12863903073825844
opt_params: [-0.2857529  -0.29612441  0.07140428  0.37237486  0.1711457   7.94752885
  5.94433419  4.07280561  2.43393536  1.13250692  0.00997506  1.58820883
  1.59398825  1.68200114  4.97481329]
t_control_opt: [0.         0.00997506 1.58820883 1.59398825 1.68200114 4.97481329
 5.        ]
J_control_opt: [ 0.1        -0.2857529  -0.29612441  0.07140428  0.37237486  0.1711457
  0.        ]
mu_control_opt: [10.          7.94752885  5.94433419  4.07280561  2.43393536  1.13250692
  0.        ]
