obj_value: 1.007509718733171
opt_params: [0.15632494 0.19975903 0.2177199  0.19812992 0.12957996 8.32959001
 6.65923756 4.989625   3.32207394 1.65848208 0.08846961 0.33382075
 0.74955808 1.32538156 2.07605776]
t_control_opt: [0.         0.08846961 0.33382075 0.74955808 1.32538156 2.07605776
 3.        ]
J_control_opt: [0.1        0.15632494 0.19975903 0.2177199  0.19812992 0.12957996
 0.        ]
mu_control_opt: [10.          8.32959001  6.65923756  4.989625    3.32207394  1.65848208
  0.        ]
