obj_value: 0.3643502075057499
opt_params: [3.64541321e-01 5.70842239e-01 6.62322015e-01 5.84141299e-01
 2.82546392e-01 8.13362970e+00 6.30431091e+00 4.54929453e+00
 2.90574496e+00 1.41004178e+00 1.00000000e-03 2.00000000e-03
 3.00000000e-03 4.00000000e-03 1.98457096e+00]
t_control_opt: [0.00000000e+00 1.00000000e-03 2.00000000e-03 3.00000000e-03
 4.00000000e-03 1.98457096e+00 2.00000000e+00]
J_control_opt: [0.1        0.36454132 0.57084224 0.66232201 0.5841413  0.28254639
 0.        ]
mu_control_opt: [10.          8.1336297   6.30431091  4.54929453  2.90574496  1.41004178
  0.        ]
