obj_value: 0.8810122846640971
opt_params: [0.2790018  0.48031247 0.73452041 0.87663612 0.74257553 7.76935398
 5.61842497 3.65632193 2.02962122 0.88473631 0.00999826 1.10977551
 1.11077551 1.11177551 3.89606329]
t_control_opt: [0.         0.00999826 1.10977551 1.11077551 1.11177551 3.89606329
 4.        ]
J_control_opt: [0.1        0.2790018  0.48031247 0.73452041 0.87663612 0.74257553
 0.5       ]
mu_control_opt: [10.          7.76935398  5.61842497  3.65632193  2.02962122  0.88473631
  0.        ]
