obj_value: 0.0013621500864841945
opt_params: [0.22623652 0.34331825 0.43990671 0.50700189 0.52455686 8.33124184
 6.66227905 4.99242746 3.3227857  1.65692519 0.53980765 0.8402498
 3.35264642 3.47374892 5.72730079]
t_control_opt: [ 0.          0.53980765  0.8402498   3.35264642  3.47374892  5.72730079
 10.        ]
J_control_opt: [0.1        0.22623652 0.34331825 0.43990671 0.50700189 0.52455686
 0.5       ]
mu_control_opt: [10.          8.33124184  6.66227905  4.99242746  3.3227857   1.65692519
  0.        ]
