obj_value: 1.0010543321264822
opt_params: [0.18366394 0.26365597 0.33650637 0.40006792 0.45372811 8.3302416
 6.66146829 4.994359   3.32888433 1.66442373 0.03091326 0.0886795
 0.20196508 0.32468602 0.9323426 ]
t_control_opt: [0.         0.03091326 0.0886795  0.20196508 0.32468602 0.9323426
 2.        ]
J_control_opt: [0.1        0.18366394 0.26365597 0.33650637 0.40006792 0.45372811
 0.5       ]
mu_control_opt: [10.          8.3302416   6.66146829  4.994359    3.32888433  1.66442373
  0.        ]
