obj_value: 0.6917740741103737
opt_params: [9.36843496e-01 1.35680192e+00 1.46969871e+00 1.01642028e+00
 5.95807160e-01 7.79556420e+00 5.64892043e+00 3.61233965e+00
 1.85367313e+00 6.77054627e-01 1.00000000e-03 1.48899898e+00
 1.48999898e+00 4.24412119e+00 8.98530935e+00]
t_control_opt: [0.00000000e+00 1.00000000e-03 1.48899898e+00 1.48999898e+00
 4.24412119e+00 8.98530935e+00 9.00000000e+00]
J_control_opt: [0.1        0.9368435  1.35680192 1.46969871 1.01642028 0.59580716
 0.        ]
mu_control_opt: [10.          7.7955642   5.64892043  3.61233965  1.85367313  0.67705463
  0.        ]
