obj_value: 0.13258997183985885
opt_params: [1.03360268e+00 1.78247435e+00 2.18516777e+00 2.12314322e+00
 1.51082421e+00 8.18596013e+00 6.39055531e+00 4.63389601e+00
 2.95769680e+00 1.41675090e+00 1.00000000e-03 1.54237524e-01
 5.57848025e-01 5.86818277e-01 1.96171191e+00]
t_control_opt: [0.00000000e+00 1.00000000e-03 1.54237524e-01 5.57848025e-01
 5.86818277e-01 1.96171191e+00 2.00000000e+00]
J_control_opt: [0.1        1.03360268 1.78247435 2.18516777 2.12314322 1.51082421
 0.5       ]
mu_control_opt: [10.          8.18596013  6.39055531  4.63389601  2.9576968   1.4167509
  0.        ]
