obj_value: 1.005787782752835
opt_params: [0.12823964 0.14879908 0.1539569  0.13589517 0.08756281 8.32900674
 6.65884662 4.99059344 3.32459102 1.66035241 0.25127143 1.00009065
 2.24993641 3.99869789 6.22732652]
t_control_opt: [0.         0.25127143 1.00009065 2.24993641 3.99869789 6.22732652
 9.        ]
J_control_opt: [0.1        0.12823964 0.14879908 0.1539569  0.13589517 0.08756281
 0.        ]
mu_control_opt: [10.          8.32900674  6.65884662  4.99059344  3.32459102  1.66035241
  0.        ]
