obj_value: 1.0047168665069173
opt_params: [0.11782462 0.12949515 0.12937667 0.11163277 0.07053146 8.33134565
 6.66375344 4.99606338 3.32954613 1.66422981 0.27814568 1.11117488
 2.49993833 4.44268819 6.93913949]
t_control_opt: [ 0.          0.27814568  1.11117488  2.49993833  4.44268819  6.93913949
 10.        ]
J_control_opt: [0.1        0.11782462 0.12949515 0.12937667 0.11163277 0.07053146
 0.        ]
mu_control_opt: [10.          8.33134565  6.66375344  4.99606338  3.32954613  1.66422981
  0.        ]
