obj_value: 0.025419399197183015
opt_params: [5.06272099e-01 8.45245136e-01 1.06457811e+00 1.10490317e+00
 9.06337363e-01 8.28648508e+00 6.58054605e+00 4.89002891e+00
 3.22613573e+00 1.59918270e+00 1.00000000e-03 4.09468045e-01
 4.41847150e-01 4.66419225e-01 1.20330341e+00]
t_control_opt: [0.00000000e+00 1.00000000e-03 4.09468045e-01 4.41847150e-01
 4.66419225e-01 1.20330341e+00 2.00000000e+00]
J_control_opt: [0.1        0.5062721  0.84524514 1.06457811 1.10490317 0.90633736
 0.5       ]
mu_control_opt: [10.          8.28648508  6.58054605  4.89002891  3.22613573  1.5991827
  0.        ]
