obj_value: 0.031882010160226223
opt_params: [5.20714049e-01 8.26567105e-01 9.83941939e-01 1.00012167e+00
 8.65969258e-01 8.17431120e+00 6.37720397e+00 4.63444577e+00
 2.97010846e+00 1.41001974e+00 1.00000000e-03 1.01032802e+00
 1.95631514e+00 4.68262191e+00 5.44475235e+00]
t_control_opt: [0.00000000e+00 1.00000000e-03 1.01032802e+00 1.95631514e+00
 4.68262191e+00 5.44475235e+00 9.00000000e+00]
J_control_opt: [0.1        0.52071405 0.8265671  0.98394194 1.00012167 0.86596926
 0.5       ]
mu_control_opt: [10.          8.1743112   6.37720397  4.63444577  2.97010846  1.41001974
  0.        ]
