obj_value: 0.005914983378013916
opt_params: [0.18676292 0.26762834 0.33437501 0.39054234 0.41974324 8.30633609
 6.61628252 4.93419691 3.26565258 1.6153297  0.22033889 1.11827253
 2.28271847 3.30275042 5.08683248]
t_control_opt: [0.         0.22033889 1.11827253 2.28271847 3.30275042 5.08683248
 8.        ]
J_control_opt: [0.1        0.18676292 0.26762834 0.33437501 0.39054234 0.41974324
 0.5       ]
mu_control_opt: [10.          8.30633609  6.61628252  4.93419691  3.26565258  1.6153297
  0.        ]
