obj_value: 1.0054135899198138
opt_params: [0.1382936  0.16721854 0.17719403 0.15861979 0.10218089 8.32935327
 6.6589846  4.99101076 3.32492821 1.66074452 0.08982658 0.33399554
 0.74923383 1.31863382 2.04693064]
t_control_opt: [0.         0.08982658 0.33399554 0.74923383 1.31863382 2.04693064
 3.        ]
J_control_opt: [0.1        0.1382936  0.16721854 0.17719403 0.15861979 0.10218089
 0.        ]
mu_control_opt: [10.          8.32935327  6.6589846   4.99101076  3.32492821  1.66074452
  0.        ]
