obj_value: 0.008589754373254464
opt_params: [0.37968647 0.61671792 0.76960429 0.8147988  0.7309223  8.31778
 6.63809787 4.96358535 3.29696452 1.64150944 0.00908734 0.02411211
 0.39340832 0.75647405 1.0665099 ]
t_control_opt: [0.         0.00908734 0.02411211 0.39340832 0.75647405 1.0665099
 3.        ]
J_control_opt: [0.1        0.37968647 0.61671792 0.76960429 0.8147988  0.7309223
 0.5       ]
mu_control_opt: [10.          8.31778     6.63809787  4.96358535  3.29696452  1.64150944
  0.        ]
