obj_value: 1.0695780818064702
opt_params: [7.27467862e-02 4.77172379e-02 2.65945660e-02 1.07922573e-02
 1.54148965e-03 8.33358367e+00 6.66780787e+00 5.00293136e+00
 3.33751166e+00 1.67075358e+00 1.95365972e-01 7.77814764e-01
 1.74990889e+00 3.10377386e+00 4.85622871e+00]
t_control_opt: [0.         0.19536597 0.77781476 1.74990889 3.10377386 4.85622871
 7.        ]
J_control_opt: [0.1        0.07274679 0.04771724 0.02659457 0.01079226 0.00154149
 0.        ]
mu_control_opt: [10.          8.33358367  6.66780787  5.00293136  3.33751166  1.67075358
  0.        ]
