obj_value: 1.066442002007598
opt_params: [7.88962414e-02 5.73144862e-02 3.78047280e-02 2.03161153e-02
 6.87012127e-03 8.32365057e+00 6.64886321e+00 4.97638438e+00
 3.30990671e+00 1.65110796e+00 3.32841922e-02 7.40810795e-02
 1.34695627e-01 2.42257802e-01 6.97894223e-01]
t_control_opt: [0.         0.03328419 0.07408108 0.13469563 0.2422578  0.69789422
 1.        ]
J_control_opt: [0.1        0.07889624 0.05731449 0.03780473 0.02031612 0.00687012
 0.        ]
mu_control_opt: [10.          8.32365057  6.64886321  4.97638438  3.30990671  1.65110796
  0.        ]
