obj_value: 1.0050641130876985
opt_params: [0.12933215 0.14996761 0.15399592 0.13465786 0.08504859 8.33162466
 6.66302607 4.99393742 3.32636494 1.66159101 0.13983731 0.55568128
 1.2497879  2.2170912  3.45836062]
t_control_opt: [0.         0.13983731 0.55568128 1.2497879  2.2170912  3.45836062
 5.        ]
J_control_opt: [0.1        0.12933215 0.14996761 0.15399592 0.13465786 0.08504859
 0.        ]
mu_control_opt: [10.          8.33162466  6.66302607  4.99393742  3.32636494  1.66159101
  0.        ]
