obj_value: 1.0657452715568587
opt_params: [0.18297556 0.24713483 0.27655991 0.25553174 0.16768448 8.30920361
 6.62573595 4.95244108 3.2888194  1.63495981 0.10539303 0.22587738
 0.38427744 0.53119362 1.3997218 ]
t_control_opt: [0.         0.10539303 0.22587738 0.38427744 0.53119362 1.3997218
 2.        ]
J_control_opt: [0.1        0.18297556 0.24713483 0.27655991 0.25553174 0.16768448
 0.        ]
mu_control_opt: [10.          8.30920361  6.62573595  4.95244108  3.2888194   1.63495981
  0.        ]
