obj_value: 1.0686197925492003
opt_params: [7.10956189e-02 4.55258280e-02 2.51941843e-02 1.07089706e-02
 2.16620311e-03 8.33520863e+00 6.67025017e+00 5.00563334e+00
 3.33995358e+00 1.67204454e+00 1.15908409e-01 4.44707570e-01
 9.99634347e-01 1.75269906e+00 2.77431626e+00]
t_control_opt: [0.         0.11590841 0.44470757 0.99963435 1.75269906 2.77431626
 4.        ]
J_control_opt: [0.1        0.07109562 0.04552583 0.02519418 0.01070897 0.0021662
 0.        ]
mu_control_opt: [10.          8.33520863  6.67025017  5.00563334  3.33995358  1.67204454
  0.        ]
