obj_value: 1.005204113844656
opt_params: [0.13252951 0.15668046 0.16392536 0.14568871 0.09352207 8.32964999
 6.66046647 4.99248402 3.32609204 1.66202639 0.116465   0.44476555
 0.99956315 1.76850348 2.7533247 ]
t_control_opt: [0.         0.116465   0.44476555 0.99956315 1.76850348 2.7533247
 4.        ]
J_control_opt: [0.1        0.13252951 0.15668046 0.16392536 0.14568871 0.09352207
 0.        ]
mu_control_opt: [10.          8.32964999  6.66046647  4.99248402  3.32609204  1.66202639
  0.        ]
