obj_value: 0.20128637949091868
opt_params: [1.16697236e+00 2.05675233e+00 2.53923794e+00 2.48300568e+00
 1.72117702e+00 8.50855101e+00 6.95082092e+00 5.29547961e+00
 3.54100600e+00 1.77050970e+00 1.00348181e-03 1.68866343e-02
 4.48999225e-01 4.50042901e-01 9.99000000e-01]
t_control_opt: [0.         0.00100348 0.01688663 0.44899922 0.4500429  0.999
 1.        ]
J_control_opt: [0.1        1.16697236 2.05675233 2.53923794 2.48300568 1.72117702
 0.5       ]
mu_control_opt: [10.          8.50855101  6.95082092  5.29547961  3.541006    1.7705097
  0.        ]
