obj_value: 0.024697946795071566
opt_params: [4.38713807e-01 7.13284086e-01 8.86678593e-01 9.00702340e-01
 7.53949920e-01 8.12138291e+00 6.28579976e+00 4.53129536e+00
 2.89562879e+00 1.38813485e+00 1.00000000e-03 1.24895182e+00
 1.25079731e+00 4.62864206e+00 6.51035558e+00]
t_control_opt: [0.00000000e+00 1.00000000e-03 1.24895182e+00 1.25079731e+00
 4.62864206e+00 6.51035558e+00 1.00000000e+01]
J_control_opt: [0.1        0.43871381 0.71328409 0.88667859 0.90070234 0.75394992
 0.5       ]
mu_control_opt: [10.          8.12138291  6.28579976  4.53129536  2.89562879  1.38813485
  0.        ]
