obj_value: 0.00846259038585869
opt_params: [0.29966936 0.47362157 0.5963221  0.65032289 0.61749754 8.29297645
 6.5925837  4.90495379 3.23956491 1.60123273 0.20789833 0.4810168
 1.25985306 2.11727913 2.94584148]
t_control_opt: [0.         0.20789833 0.4810168  1.25985306 2.11727913 2.94584148
 5.        ]
J_control_opt: [0.1        0.29966936 0.47362157 0.5963221  0.65032289 0.61749754
 0.5       ]
mu_control_opt: [10.          8.29297645  6.5925837   4.90495379  3.23956491  1.60123273
  0.        ]
