obj_value: 0.07255822933745394
opt_params: [8.08908171e-01 1.38939812e+00 1.71469065e+00 1.69681913e+00
 1.27202916e+00 8.27630436e+00 6.55458388e+00 4.83743729e+00
 3.14716705e+00 1.53558498e+00 1.00000000e-03 1.93503494e-02
 4.59686426e-01 4.60686426e-01 1.10014642e+00]
t_control_opt: [0.00000000e+00 1.00000000e-03 1.93503494e-02 4.59686426e-01
 4.60686426e-01 1.10014642e+00 2.00000000e+00]
J_control_opt: [0.1        0.80890817 1.38939812 1.71469065 1.69681913 1.27202916
 0.5       ]
mu_control_opt: [10.          8.27630436  6.55458388  4.83743729  3.14716705  1.53558498
  0.        ]
