obj_value: 1.0911960769907207
opt_params: [0.14349248 0.18919217 0.24356176 0.31030692 0.39351511 8.26156102
 6.53506071 4.83288254 3.16737529 1.55065605 0.17937837 0.62664316
 1.34467286 3.61610045 3.61710045]
t_control_opt: [0.         0.17937837 0.62664316 1.34467286 3.61610045 3.61710045
 5.        ]
J_control_opt: [0.1        0.14349248 0.18919217 0.24356176 0.31030692 0.39351511
 0.5       ]
mu_control_opt: [10.          8.26156102  6.53506071  4.83288254  3.16737529  1.55065605
  0.        ]
