obj_value: 21.34469503175609
opt_params: [-2.83025625e+00 -6.12771608e+00 -7.91073004e+00 -6.72350582e+00
 -3.73214615e+00 -2.87792075e+00 -5.37518670e+00 -6.16080379e-03
  1.92219362e+00  1.65889240e+00  1.00000000e-03  2.00000002e-03
  9.99976852e-03  5.98972599e+00  5.99860453e+00]
t_control_opt: [0.00000000e+00 1.00000000e-03 2.00000002e-03 9.99976852e-03
 5.98972599e+00 5.99860453e+00 6.00000000e+00]
J_control_opt: [ 0.1        -2.83025625 -6.12771608 -7.91073004 -6.72350582 -3.73214615
  0.        ]
mu_control_opt: [ 1.00000000e+01 -2.87792075e+00 -5.37518670e+00 -6.16080379e-03
  1.92219362e+00  1.65889240e+00  0.00000000e+00]
