obj_value: 0.004864558898251594
opt_params: [0.24657465 0.38453631 0.47843716 0.52715766 0.52001184 8.29239159
 6.59191341 4.90617998 3.24144255 1.60319058 0.65597597 0.68602175
 2.19325874 3.12190667 4.388456  ]
t_control_opt: [0.         0.65597597 0.68602175 2.19325874 3.12190667 4.388456
 7.        ]
J_control_opt: [0.1        0.24657465 0.38453631 0.47843716 0.52715766 0.52001184
 0.5       ]
mu_control_opt: [10.          8.29239159  6.59191341  4.90617998  3.24144255  1.60319058
  0.        ]
