obj_value: 0.04129573190686285
opt_params: [0.57762255 0.97440611 1.22030496 1.25455148 1.00717492 8.20271542
 6.42547985 4.69181836 3.0290937  1.46052954 0.01600204 0.69475837
 0.74183345 1.24974375 1.75667802]
t_control_opt: [0.         0.01600204 0.69475837 0.74183345 1.24974375 1.75667802
 4.        ]
J_control_opt: [0.1        0.57762255 0.97440611 1.22030496 1.25455148 1.00717492
 0.5       ]
mu_control_opt: [10.          8.20271542  6.42547985  4.69181836  3.0290937   1.46052954
  0.        ]
