obj_value: 1.0056021218394253
opt_params: [0.13909758 0.16829501 0.17834326 0.15978208 0.10348878 8.3274398
 6.65621645 4.98766002 3.3219344  1.65952479 0.15062482 0.24564428
 0.46861155 0.59104996 1.07410348]
t_control_opt: [0.         0.15062482 0.24564428 0.46861155 0.59104996 1.07410348
 2.        ]
J_control_opt: [0.1        0.13909758 0.16829501 0.17834326 0.15978208 0.10348878
 0.        ]
mu_control_opt: [10.          8.3274398   6.65621645  4.98766002  3.3219344   1.65952479
  0.        ]
