obj_value: 1.125023658854246
opt_params: [0.16027213 0.2240564  0.29209231 0.36558575 0.43417722 8.31800615
 6.63694274 4.95745718 3.28669836 1.63082639 0.02322644 0.82000432
 1.29167003 1.43411534 4.20540025]
t_control_opt: [0.         0.02322644 0.82000432 1.29167003 1.43411534 4.20540025
 6.        ]
J_control_opt: [0.1        0.16027213 0.2240564  0.29209231 0.36558575 0.43417722
 0.5       ]
mu_control_opt: [10.          8.31800615  6.63694274  4.95745718  3.28669836  1.63082639
  0.        ]
