obj_value: 0.033086299148942046
opt_params: [0.54829917 0.91879705 1.13834183 1.15107795 0.95300736 8.2769175
 6.56148798 4.86203615 3.1904416  1.56396413 0.01272236 0.17765215
 0.75679021 1.33301564 1.91432024]
t_control_opt: [0.         0.01272236 0.17765215 0.75679021 1.33301564 1.91432024
 5.        ]
J_control_opt: [0.1        0.54829917 0.91879705 1.13834183 1.15107795 0.95300736
 0.5       ]
mu_control_opt: [10.          8.2769175   6.56148798  4.86203615  3.1904416   1.56396413
  0.        ]
