obj_value: 0.0012073065405309611
opt_params: [0.21935908 0.330602   0.41742879 0.47335277 0.49882961 8.33147061
 6.66339828 4.99611246 3.33051967 1.66785811 0.48656529 0.5542045
 2.83627067 2.92550583 5.39752659]
t_control_opt: [ 0.          0.48656529  0.5542045   2.83627067  2.92550583  5.39752659
 10.        ]
J_control_opt: [0.1        0.21935908 0.330602   0.41742879 0.47335277 0.49882961
 0.5       ]
mu_control_opt: [10.          8.33147061  6.66339828  4.99611246  3.33051967  1.66785811
  0.        ]
