obj_value: 0.027149986156625196
opt_params: [0.51624338 0.85509084 1.03758773 1.07773879 0.92282345 8.21906758
 6.45531779 4.7266537  3.05036152 1.46198855 0.01307786 0.04176296
 2.21498608 2.29445217 2.85548594]
t_control_opt: [0.         0.01307786 0.04176296 2.21498608 2.29445217 2.85548594
 6.        ]
J_control_opt: [0.1        0.51624338 0.85509084 1.03758773 1.07773879 0.92282345
 0.5       ]
mu_control_opt: [10.          8.21906758  6.45531779  4.7266537   3.05036152  1.46198855
  0.        ]
