obj_value: 0.03714561565171274
opt_params: [5.87873565e-01 9.95531306e-01 1.24290264e+00 1.24988087e+00
 9.63120143e-01 8.29862812e+00 6.60397093e+00 4.92238060e+00
 3.26013432e+00 1.62291452e+00 1.00000000e-03 2.00000000e-03
 3.00000000e-03 3.80927364e-01 9.99000000e-01]
t_control_opt: [0.00000000e+00 1.00000000e-03 2.00000000e-03 3.00000000e-03
 3.80927364e-01 9.99000000e-01 1.00000000e+00]
J_control_opt: [0.1        0.58787356 0.99553131 1.24290264 1.24988087 0.96312014
 0.5       ]
mu_control_opt: [10.          8.29862812  6.60397093  4.9223806   3.26013432  1.62291452
  0.        ]
