obj_value: 0.039927218002719846
opt_params: [0.43916813 0.7200889  0.87964655 0.90498813 0.81176964 8.00524281
 6.06989727 4.25426222 2.61778663 1.18770513 0.22044656 0.9117056
 2.21980914 3.81744542 4.67608514]
t_control_opt: [0.         0.22044656 0.9117056  2.21980914 3.81744542 4.67608514
 8.        ]
J_control_opt: [0.1        0.43916813 0.7200889  0.87964655 0.90498813 0.81176964
 0.5       ]
mu_control_opt: [10.          8.00524281  6.06989727  4.25426222  2.61778663  1.18770513
  0.        ]
