obj_value: 0.007205271130903529
opt_params: [0.34881568 0.56445992 0.72238845 0.77686135 0.70844637 8.33139938
 6.65993794 4.9863384  3.31571133 1.65215103 0.01301021 0.79580019
 0.83306795 1.64555736 2.00102737]
t_control_opt: [0.         0.01301021 0.79580019 0.83306795 1.64555736 2.00102737
 4.        ]
J_control_opt: [0.1        0.34881568 0.56445992 0.72238845 0.77686135 0.70844637
 0.5       ]
mu_control_opt: [10.          8.33139938  6.65993794  4.9863384   3.31571133  1.65215103
  0.        ]
