obj_value: 0.0014661257656013818
opt_params: [0.21708515 0.31983618 0.4028162  0.4608529  0.49219682 8.31983577
 6.64285311 4.97174643 3.30874293 1.65536519 0.05200919 0.94125062
 2.11937869 2.25056503 4.84201916]
t_control_opt: [0.         0.05200919 0.94125062 2.11937869 2.25056503 4.84201916
 9.        ]
J_control_opt: [0.1        0.21708515 0.31983618 0.4028162  0.4608529  0.49219682
 0.5       ]
mu_control_opt: [10.          8.31983577  6.64285311  4.97174643  3.30874293  1.65536519
  0.        ]
