obj_value: 1.0048131941091258
opt_params: [0.12059438 0.13455035 0.13591053 0.11825374 0.07534386 8.33102639
 6.66315776 4.99549182 3.32897349 1.66390074 0.22347666 0.88891721
 1.99990323 3.55297435 5.54791188]
t_control_opt: [0.         0.22347666 0.88891721 1.99990323 3.55297435 5.54791188
 8.        ]
J_control_opt: [0.1        0.12059438 0.13455035 0.13591053 0.11825374 0.07534386
 0.        ]
mu_control_opt: [10.          8.33102639  6.66315776  4.99549182  3.32897349  1.66390074
  0.        ]
