obj_value: 1.1326948540737518
opt_params: [0.17631737 0.24932709 0.31840584 0.38407759 0.44216105 8.30374788
 6.61258785 4.93152568 3.26612732 1.62183935 0.0808099  0.25102466
 0.72198705 0.9027575  2.10998411]
t_control_opt: [0.         0.0808099  0.25102466 0.72198705 0.9027575  2.10998411
 3.        ]
J_control_opt: [0.1        0.17631737 0.24932709 0.31840584 0.38407759 0.44216105
 0.5       ]
mu_control_opt: [10.          8.30374788  6.61258785  4.93152568  3.26612732  1.62183935
  0.        ]
