obj_value: 1.006357144582135
opt_params: [0.15382871 0.19590564 0.21410459 0.1958722  0.12829979 8.32546835
 6.65278251 4.98366495 3.31861357 1.65710563 0.0523005  0.10329812
 0.18526588 0.27651798 0.5321741 ]
t_control_opt: [0.         0.0523005  0.10329812 0.18526588 0.27651798 0.5321741
 1.        ]
J_control_opt: [0.1        0.15382871 0.19590564 0.21410459 0.1958722  0.12829979
 0.        ]
mu_control_opt: [10.          8.32546835  6.65278251  4.98366495  3.31861357  1.65710563
  0.        ]
