obj_value: 1.3292012094380001
opt_params: [0.70352307 1.18167101 1.47247331 1.51152017 1.2305279  7.9733486
 6.01491136 4.18411769 2.53522796 1.12569475 0.02689997 4.71285305
 5.69463681 5.74140355 7.40527343]
t_control_opt: [0.         0.02689997 4.71285305 5.69463681 5.74140355 7.40527343
 8.        ]
J_control_opt: [0.1        0.70352307 1.18167101 1.47247331 1.51152017 1.2305279
 0.5       ]
mu_control_opt: [10.          7.9733486   6.01491136  4.18411769  2.53522796  1.12569475
  0.        ]
