obj_value: 1.0704932368279432
opt_params: [7.29545355e-02 4.78923190e-02 2.65322863e-02 1.04469114e-02
 1.12286305e-03 8.33325829e+00 6.66692173e+00 5.00126061e+00
 3.33544222e+00 1.66896872e+00 2.78026941e-01 1.11115387e+00
 2.49995859e+00 4.44089789e+00 6.94046651e+00]
t_control_opt: [ 0.          0.27802694  1.11115387  2.49995859  4.44089789  6.94046651
 10.        ]
J_control_opt: [0.1        0.07295454 0.04789232 0.02653229 0.01044691 0.00112286
 0.        ]
mu_control_opt: [10.          8.33325829  6.66692173  5.00126061  3.33544222  1.66896872
  0.        ]
