obj_value: 1.0058438079399181
opt_params: [8.27909980e-02 6.56045036e-02 4.87408626e-02 3.24438347e-02
 1.62219570e-02 8.34772098e+00 6.69182317e+00 5.02808014e+00
 3.35670431e+00 1.67980240e+00 1.00000000e-03 2.00000000e-03
 2.99700000e+00 2.99800000e+00 2.99900000e+00]
t_control_opt: [0.000e+00 1.000e-03 2.000e-03 2.997e+00 2.998e+00 2.999e+00 3.000e+00]
J_control_opt: [0.1        0.082791   0.0656045  0.04874086 0.03244383 0.01622196
 0.        ]
mu_control_opt: [10.          8.34772098  6.69182317  5.02808014  3.35670431  1.6798024
  0.        ]
