obj_value: 1.0048774108658738
opt_params: [0.12198782 0.13729993 0.13975056 0.12239149 0.07849805 8.33092662
 6.66277654 4.99516197 3.32853285 1.66362101 0.19567926 0.77782833
 1.7498755  3.10790434 4.85202391]
t_control_opt: [0.         0.19567926 0.77782833 1.7498755  3.10790434 4.85202391
 7.        ]
J_control_opt: [0.1        0.12198782 0.13729993 0.13975056 0.12239149 0.07849805
 0.        ]
mu_control_opt: [10.          8.33092662  6.66277654  4.99516197  3.32853285  1.66362101
  0.        ]
