obj_value: 1.0586901687880843
opt_params: [0.20580594 0.2912804  0.33490473 0.31451192 0.20998216 8.32718256
 6.65450952 4.98397263 3.316329   1.65468034 0.22382095 0.88857952
 1.99895035 3.54200281 5.57174935]
t_control_opt: [0.         0.22382095 0.88857952 1.99895035 3.54200281 5.57174935
 8.        ]
J_control_opt: [0.1        0.20580594 0.2912804  0.33490473 0.31451192 0.20998216
 0.        ]
mu_control_opt: [10.          8.32718256  6.65450952  4.98397263  3.316329    1.65468034
  0.        ]
