obj_value: 1.1358003730719637
opt_params: [0.16941226 0.2401018  0.31085877 0.37884971 0.44037617 8.31010202
 6.62355907 4.94410112 3.27621725 1.62653497 0.12082006 0.18391333
 0.24511547 0.3826603  1.40000085]
t_control_opt: [0.         0.12082006 0.18391333 0.24511547 0.3826603  1.40000085
 2.        ]
J_control_opt: [0.1        0.16941226 0.2401018  0.31085877 0.37884971 0.44037617
 0.5       ]
mu_control_opt: [10.          8.31010202  6.62355907  4.94410112  3.27621725  1.62653497
  0.        ]
