obj_value: 0.04512460534266055
opt_params: [0.60912324 1.03617538 1.29849253 1.30970682 1.01845798 8.2286631
 6.47777735 4.76574693 3.10938738 1.52054913 0.05778179 0.28431881
 0.31322375 0.75355359 1.05131244]
t_control_opt: [0.         0.05778179 0.28431881 0.31322375 0.75355359 1.05131244
 3.        ]
J_control_opt: [0.1        0.60912324 1.03617538 1.29849253 1.30970682 1.01845798
 0.5       ]
mu_control_opt: [10.          8.2286631   6.47777735  4.76574693  3.10938738  1.52054913
  0.        ]
