obj_value: 1.137277606430599
opt_params: [0.2066059  0.30390086 0.38227691 0.43291591 0.4576176  8.37360394
 6.73939917 5.08957996 3.41640269 1.71196436 0.01700276 0.03839932
 0.07316634 0.24023826 9.08111314]
t_control_opt: [ 0.          0.01700276  0.03839932  0.07316634  0.24023826  9.08111314
 10.        ]
J_control_opt: [0.1        0.2066059  0.30390086 0.38227691 0.43291591 0.4576176
 0.5       ]
mu_control_opt: [10.          8.37360394  6.73939917  5.08957996  3.41640269  1.71196436
  0.        ]
