obj_value: 1.0979426558301475
opt_params: [0.18282362 0.25272772 0.31235971 0.36803695 0.42575932 8.29093206
 6.58954517 4.9032605  3.23907081 1.60298685 0.0727203  0.90205581
 2.34599845 6.2330952  6.23990609]
t_control_opt: [0.         0.0727203  0.90205581 2.34599845 6.2330952  6.23990609
 9.        ]
J_control_opt: [0.1        0.18282362 0.25272772 0.31235971 0.36803695 0.42575932
 0.5       ]
mu_control_opt: [10.          8.29093206  6.58954517  4.9032605   3.23907081  1.60298685
  0.        ]
