obj_value: 1.1142260070019647
opt_params: [0.14844587 0.19982263 0.25690156 0.32282928 0.40241862 8.2744779
 6.55918686 4.86421259 3.19944262 1.57449641 0.05532135 0.12301129
 0.24705791 0.70028926 0.70998348]
t_control_opt: [0.         0.05532135 0.12301129 0.24705791 0.70028926 0.70998348
 1.        ]
J_control_opt: [0.1        0.14844587 0.19982263 0.25690156 0.32282928 0.40241862
 0.5       ]
mu_control_opt: [10.          8.2744779   6.55918686  4.86421259  3.19944262  1.57449641
  0.        ]
