obj_value: 1.0047607223450188
opt_params: [0.11912389 0.13185576 0.13241109 0.11469664 0.07274443 8.33118891
 6.66350269 4.99579374 3.329295   1.66408031 0.2512365  1.00008649
 2.24992344 3.99787259 6.24333589]
t_control_opt: [0.         0.2512365  1.00008649 2.24992344 3.99787259 6.24333589
 9.        ]
J_control_opt: [0.1        0.11912389 0.13185576 0.13241109 0.11469664 0.07274443
 0.        ]
mu_control_opt: [10.          8.33118891  6.66350269  4.99579374  3.329295    1.66408031
  0.        ]
