obj_value: 0.005176613152452164
opt_params: [0.27888303 0.41878147 0.51505279 0.56313274 0.5459469  8.30368412
 6.61225114 4.93037511 3.26305228 1.61588458 0.02401651 0.84303485
 1.39015165 2.18904638 3.41549786]
t_control_opt: [0.         0.02401651 0.84303485 1.39015165 2.18904638 3.41549786
 6.        ]
J_control_opt: [0.1        0.27888303 0.41878147 0.51505279 0.56313274 0.5459469
 0.5       ]
mu_control_opt: [10.          8.30368412  6.61225114  4.93037511  3.26305228  1.61588458
  0.        ]
