obj_value: 0.025751322501322886
opt_params: [0.49073871 0.81136846 1.00280821 1.00323021 0.82693003 8.18803264
 6.40526333 4.67784671 3.02999614 1.46880919 0.30580434 0.9894536
 0.9904536  2.47073484 3.19954816]
t_control_opt: [0.         0.30580434 0.9894536  0.9904536  2.47073484 3.19954816
 7.        ]
J_control_opt: [0.1        0.49073871 0.81136846 1.00280821 1.00323021 0.82693003
 0.5       ]
mu_control_opt: [10.          8.18803264  6.40526333  4.67784671  3.02999614  1.46880919
  0.        ]
