obj_value: 1.004958970148376
opt_params: [0.12478401 0.1432952  0.14821958 0.13147026 0.08444712 8.33175076
 6.66334295 4.99450671 3.32704019 1.66212254 0.16774295 0.66674259
 1.49984951 2.66278462 4.15552683]
t_control_opt: [0.         0.16774295 0.66674259 1.49984951 2.66278462 4.15552683
 6.        ]
J_control_opt: [0.1        0.12478401 0.1432952  0.14821958 0.13147026 0.08444712
 0.        ]
mu_control_opt: [10.          8.33175076  6.66334295  4.99450671  3.32704019  1.66212254
  0.        ]
