obj_value: 1.0612270027639115
opt_params: [0.21611649 0.30542544 0.35139139 0.33349143 0.22675764 8.29329115
 6.59631336 4.9164531  3.25581434 1.61836466 0.16074298 0.55278215
 1.23844139 2.02910766 3.51518716]
t_control_opt: [0.         0.16074298 0.55278215 1.23844139 2.02910766 3.51518716
 5.        ]
J_control_opt: [0.1        0.21611649 0.30542544 0.35139139 0.33349143 0.22675764
 0.        ]
mu_control_opt: [10.          8.29329115  6.59631336  4.9164531   3.25581434  1.61836466
  0.        ]
