obj_value: 1.005377603167424
opt_params: [0.11901488 0.13135862 0.13083644 0.11192135 0.06899387 8.33251273
 6.66453706 4.99669433 3.32919467 1.66394668 0.11533822 0.44466108
 0.99964396 1.76691782 2.77208243]
t_control_opt: [0.         0.11533822 0.44466108 0.99964396 1.76691782 2.77208243
 4.        ]
J_control_opt: [0.1        0.11901488 0.13135862 0.13083644 0.11192135 0.06899387
 0.        ]
mu_control_opt: [10.          8.33251273  6.66453706  4.99669433  3.32919467  1.66394668
  0.        ]
