obj_value: 0.8448186664226416
opt_params: [9.21880609e-01 1.52871424e+00 1.70779789e+00 1.63332850e+00
 1.29723871e+00 7.72220810e+00 5.57858643e+00 3.70392865e+00
 2.15906852e+00 9.14085387e-01 1.00000000e-03 2.00000000e-03
 1.02137665e+00 2.31042577e+00 3.14861382e+00]
t_control_opt: [0.00000000e+00 1.00000000e-03 2.00000000e-03 1.02137665e+00
 2.31042577e+00 3.14861382e+00 5.00000000e+00]
J_control_opt: [0.1        0.92188061 1.52871424 1.70779789 1.6333285  1.29723871
 0.5       ]
mu_control_opt: [10.          7.7222081   5.57858643  3.70392865  2.15906852  0.91408539
  0.        ]
