obj_value: 0.947194465607131
opt_params: [8.95481262e-01 1.51796213e+00 1.79506779e+00 1.73367360e+00
 1.30131108e+00 8.02303831e+00 6.11312260e+00 4.33657762e+00
 2.71284775e+00 1.26647966e+00 1.00000000e-03 2.00000000e-03
 8.68729109e-01 8.70860244e-01 1.67489554e+00]
t_control_opt: [0.00000000e+00 1.00000000e-03 2.00000000e-03 8.68729109e-01
 8.70860244e-01 1.67489554e+00 3.00000000e+00]
J_control_opt: [0.1        0.89548126 1.51796213 1.79506779 1.7336736  1.30131108
 0.5       ]
mu_control_opt: [10.          8.02303831  6.1131226   4.33657762  2.71284775  1.26647966
  0.        ]
