obj_value: 0.986183880528473
opt_params: [0.62955413 1.07941699 1.36530049 1.40249732 1.10917718 8.18021119
 6.38842615 4.65112995 2.9956196  1.44828008 0.15036298 0.15400741
 0.16438703 0.18394925 1.01990695]
t_control_opt: [0.         0.15036298 0.15400741 0.16438703 0.18394925 1.01990695
 2.        ]
J_control_opt: [0.1        0.62955413 1.07941699 1.36530049 1.40249732 1.10917718
 0.5       ]
mu_control_opt: [10.          8.18021119  6.38842615  4.65112995  2.9956196   1.44828008
  0.        ]
