obj_value: 0.9093657093698502
opt_params: [0.76042628 1.37931934 1.70873711 1.7422426  1.4053986  8.30824322
 6.59532164 4.85364945 3.11718375 1.4538876  0.55893738 0.55999503
 1.52820064 3.47659185 3.50762203]
t_control_opt: [0.         0.55893738 0.55999503 1.52820064 3.47659185 3.50762203
 7.        ]
J_control_opt: [0.1        0.76042628 1.37931934 1.70873711 1.7422426  1.4053986
 0.5       ]
mu_control_opt: [10.          8.30824322  6.59532164  4.85364945  3.11718375  1.4538876
  0.        ]
