obj_value: 1.0055679132597237
opt_params: [0.12198695 0.13750836 0.13976137 0.12175541 0.07674849 8.33111586
 6.6630836  4.99545509 3.32896513 1.66402018 0.08939346 0.33393308
 0.74917093 1.3132264  2.07501384]
t_control_opt: [0.         0.08939346 0.33393308 0.74917093 1.3132264  2.07501384
 3.        ]
J_control_opt: [0.1        0.12198695 0.13750836 0.13976137 0.12175541 0.07674849
 0.        ]
mu_control_opt: [10.          8.33111586  6.6630836   4.99545509  3.32896513  1.66402018
  0.        ]
