obj_value: 1.0050096843993148
opt_params: [0.1060941  0.10822759 0.1028408  0.08575297 0.05276118 8.33257212
 6.66503221 4.99830489 3.33118649 1.66560111 0.22329761 0.88891086
 1.99990567 3.55184904 5.5536752 ]
t_control_opt: [0.         0.22329761 0.88891086 1.99990567 3.55184904 5.5536752
 8.        ]
J_control_opt: [0.1        0.1060941  0.10822759 0.1028408  0.08575297 0.05276118
 0.        ]
mu_control_opt: [10.          8.33257212  6.66503221  4.99830489  3.33118649  1.66560111
  0.        ]
