obj_value: 1.0064978441158494
opt_params: [0.14685364 0.18251059 0.19577474 0.17572871 0.11212703 8.32691828
 6.65615086 4.98871364 3.32413491 1.66114321 0.05387397 0.12029028
 0.22780298 0.33229003 0.64159753]
t_control_opt: [0.         0.05387397 0.12029028 0.22780298 0.33229003 0.64159753
 1.        ]
J_control_opt: [0.1        0.14685364 0.18251059 0.19577474 0.17572871 0.11212703
 0.        ]
mu_control_opt: [10.          8.32691828  6.65615086  4.98871364  3.32413491  1.66114321
  0.        ]
