obj_value: 1.0043730469112835
opt_params: [0.18864327 0.27311274 0.3499367  0.4152725  0.46584568 8.33145435
 6.66310378 4.99505976 3.3287076  1.66495382 0.02220277 0.05245348
 0.09409214 0.17060643 0.5449372 ]
t_control_opt: [0.         0.02220277 0.05245348 0.09409214 0.17060643 0.5449372
 1.        ]
J_control_opt: [0.1        0.18864327 0.27311274 0.3499367  0.4152725  0.46584568
 0.5       ]
mu_control_opt: [10.          8.33145435  6.66310378  4.99505976  3.3287076   1.66495382
  0.        ]
