obj_value: 0.7716895154907238
opt_params: [0.76070826 1.30474941 1.73211514 1.83001292 1.46045618 8.06393751
 6.18599307 4.31663733 2.63554774 1.16859866 0.01087507 2.15899615
 2.15999615 4.44970169 4.45566952]
t_control_opt: [0.         0.01087507 2.15899615 2.15999615 4.44970169 4.45566952
 9.        ]
J_control_opt: [0.1        0.76070826 1.30474941 1.73211514 1.83001292 1.46045618
 0.5       ]
mu_control_opt: [10.          8.06393751  6.18599307  4.31663733  2.63554774  1.16859866
  0.        ]
