obj_value: 1.0116257131114361
opt_params: [0.19177795 0.26514691 0.30168334 0.28201961 0.1870495  8.30501972
 6.61543168 4.93571666 3.27065533 1.62501984 0.05838689 0.13368447
 0.22547439 0.37113388 1.44754358]
t_control_opt: [0.         0.05838689 0.13368447 0.22547439 0.37113388 1.44754358
 2.        ]
J_control_opt: [0.1        0.19177795 0.26514691 0.30168334 0.28201961 0.1870495
 0.        ]
mu_control_opt: [10.          8.30501972  6.61543168  4.93571666  3.27065533  1.62501984
  0.        ]
