obj_value: 1.0100314902078673
opt_params: [0.18131137 0.24594687 0.27728238 0.25775668 0.17037739 8.3113466
 6.62698495 4.95068789 3.28589552 1.63592998 0.09863422 0.33541181
 0.73221404 0.84283155 2.0611702 ]
t_control_opt: [0.         0.09863422 0.33541181 0.73221404 0.84283155 2.0611702
 3.        ]
J_control_opt: [0.1        0.18131137 0.24594687 0.27728238 0.25775668 0.17037739
 0.        ]
mu_control_opt: [10.          8.3113466   6.62698495  4.95068789  3.28589552  1.63592998
  0.        ]
