obj_value: 1.0031949597387526
opt_params: [0.2065589  0.30532381 0.38895653 0.45155389 0.48857227 8.33891785
 6.67763834 5.01478584 3.34924967 1.6782377  0.01796676 0.04281681
 0.08356966 0.1611649  0.45449263]
t_control_opt: [0.         0.01796676 0.04281681 0.08356966 0.1611649  0.45449263
 1.        ]
J_control_opt: [0.1        0.2065589  0.30532381 0.38895653 0.45155389 0.48857227
 0.5       ]
mu_control_opt: [10.          8.33891785  6.67763834  5.01478584  3.34924967  1.6782377
  0.        ]
