obj_value: 1.005245690383661
opt_params: [0.11231684 0.11983958 0.11789468 0.10085805 0.06341148 8.3321571
 6.66451081 4.99728903 3.33040994 1.66492208 0.1398116  0.55567623
 1.24975617 2.21436563 3.46897498]
t_control_opt: [0.         0.1398116  0.55567623 1.24975617 2.21436563 3.46897498
 5.        ]
J_control_opt: [0.1        0.11231684 0.11983958 0.11789468 0.10085805 0.06341148
 0.        ]
mu_control_opt: [10.          8.3321571   6.66451081  4.99728903  3.33040994  1.66492208
  0.        ]
