obj_value: 1.0058781642623538
opt_params: [0.13131916 0.15421436 0.16023902 0.14117391 0.08933019 8.33050317
 6.6620177  4.99385938 3.32705931 1.66291931 0.06703616 0.22379952
 0.49801272 0.85124459 1.3731467 ]
t_control_opt: [0.         0.06703616 0.22379952 0.49801272 0.85124459 1.3731467
 2.        ]
J_control_opt: [0.1        0.13131916 0.15421436 0.16023902 0.14117391 0.08933019
 0.        ]
mu_control_opt: [10.          8.33050317  6.6620177   4.99385938  3.32705931  1.66291931
  0.        ]
