obj_value: 0.7791928868582431
opt_params: [1.05799676 1.83008773 2.1343285  1.96612144 1.40899284 7.90886832
 5.86256375 3.91343873 2.1577576  0.78273155 0.66786301 0.66886301
 3.71564861 4.63983587 4.64083587]
t_control_opt: [ 0.          0.66786301  0.66886301  3.71564861  4.63983587  4.64083587
 10.        ]
J_control_opt: [0.1        1.05799676 1.83008773 2.1343285  1.96612144 1.40899284
 0.5       ]
mu_control_opt: [10.          7.90886832  5.86256375  3.91343873  2.1577576   0.78273155
  0.        ]
