obj_value: 0.8634907358677645
opt_params: [8.69795479e-01 1.40590479e+00 1.76879498e+00 1.75858346e+00
 1.36673295e+00 8.02529414e+00 6.06231497e+00 4.16284628e+00
 2.47514679e+00 1.06188033e+00 1.00000000e-03 1.39275449e+00
 1.39375449e+00 2.75036283e+00 3.15402279e+00]
t_control_opt: [0.00000000e+00 1.00000000e-03 1.39275449e+00 1.39375449e+00
 2.75036283e+00 3.15402279e+00 6.00000000e+00]
J_control_opt: [0.1        0.86979548 1.40590479 1.76879498 1.75858346 1.36673295
 0.5       ]
mu_control_opt: [10.          8.02529414  6.06231497  4.16284628  2.47514679  1.06188033
  0.        ]
