obj_value: 1.0050714194205934
opt_params: [0.10764003 0.11112422 0.10666616 0.08969168 0.05561363 8.33248822
 6.66484175 4.99812188 3.33095537 1.6654816  0.19551492 0.77781849
 1.74987654 3.10652947 4.85927593]
t_control_opt: [0.         0.19551492 0.77781849 1.74987654 3.10652947 4.85927593
 7.        ]
J_control_opt: [0.1        0.10764003 0.11112422 0.10666616 0.08969168 0.05561363
 0.        ]
mu_control_opt: [10.          8.33248822  6.66484175  4.99812188  3.33095537  1.6654816
  0.        ]
