obj_value: 1.002192185021629
opt_params: [0.18449488 0.26598278 0.34106678 0.40641406 0.45946043 8.33236106
 6.66454255 4.99691438 3.33020055 1.66491916 0.12043158 0.17747804
 0.26417713 0.40123703 1.15528804]
t_control_opt: [0.         0.12043158 0.17747804 0.26417713 0.40123703 1.15528804
 2.        ]
J_control_opt: [0.1        0.18449488 0.26598278 0.34106678 0.40641406 0.45946043
 0.5       ]
mu_control_opt: [10.          8.33236106  6.66454255  4.99691438  3.33020055  1.66491916
  0.        ]
