obj_value: 0.9571262948941881
opt_params: [8.07073046e-01 1.34115600e+00 1.64483503e+00 1.64879254e+00
 1.28783280e+00 8.11573702e+00 6.26724884e+00 4.48938341e+00
 2.82382603e+00 1.31276021e+00 1.00000000e-03 1.31508112e+00
 1.33997990e+00 1.36788913e+00 2.05686531e+00]
t_control_opt: [0.00000000e+00 1.00000000e-03 1.31508112e+00 1.33997990e+00
 1.36788913e+00 2.05686531e+00 4.00000000e+00]
J_control_opt: [0.1        0.80707305 1.341156   1.64483503 1.64879254 1.2878328
 0.5       ]
mu_control_opt: [10.          8.11573702  6.26724884  4.48938341  2.82382603  1.31276021
  0.        ]
