obj_value: 1.005147718353996
opt_params: [0.10963248 0.11481199 0.11143897 0.09448398 0.05902574 8.33234906
 6.66464988 4.99781887 3.33071027 1.66529329 0.16769831 0.66673747
 1.49983138 2.66078929 4.16361275]
t_control_opt: [0.         0.16769831 0.66673747 1.49983138 2.66078929 4.16361275
 6.        ]
J_control_opt: [0.1        0.10963248 0.11481199 0.11143897 0.09448398 0.05902574
 0.        ]
mu_control_opt: [10.          8.33234906  6.66464988  4.99781887  3.33071027  1.66529329
  0.        ]
