obj_value: 1.0147796814232541
opt_params: [2.16429580e-01 3.09707733e-01 3.57047348e-01 3.35608445e-01
 2.23225415e-01 8.30633514e+00 6.61871642e+00 4.94043834e+00
 3.27554124e+00 1.62905777e+00 6.45058229e-03 2.40387622e-02
 5.12392593e-02 8.70462768e-02 5.59499034e-01]
t_control_opt: [0.         0.00645058 0.02403876 0.05123926 0.08704628 0.55949903
 1.        ]
J_control_opt: [0.1        0.21642958 0.30970773 0.35704735 0.33560845 0.22322541
 0.        ]
mu_control_opt: [10.          8.30633514  6.61871642  4.94043834  3.27554124  1.62905777
  0.        ]
