obj_value: 0.7418431327903638
opt_params: [6.62717177e-01 1.05254550e+00 1.54278825e+00 1.62197060e+00
 1.33963453e+00 7.78508826e+00 5.60985692e+00 3.56606906e+00
 1.92949843e+00 7.14580666e-01 1.00000000e-03 1.45951723e+00
 1.46051723e+00 4.41538992e+00 5.15473394e+00]
t_control_opt: [0.00000000e+00 1.00000000e-03 1.45951723e+00 1.46051723e+00
 4.41538992e+00 5.15473394e+00 8.00000000e+00]
J_control_opt: [0.1        0.66271718 1.0525455  1.54278825 1.6219706  1.33963453
 0.5       ]
mu_control_opt: [10.          7.78508826  5.60985692  3.56606906  1.92949843  0.71458067
  0.        ]
